	GenName	ProteinID	OrganismName	Taxonomy	Strand	TTT	TTC	TTA	TTG	TCT	TCC	TCA	TCG	TAT	TAC	TGT	TGC	TGA	TGG	CTT	CTC	CTA	CTG	CCT	CCC	CCA	CCG	CAT	CAC	CAA	CAG	CGT	CGC	CGA	CGG	ATT	ATC	ATA	ATG	ACT	ACC	ACA	ACG	AAT	AAC	AAA	AAG	AGT	AGC	AGA	AGG	GTT	GTC	GTA	GTG	GCT	GCC	GCA	GCG	GAT	GAC	GAA	GAG	GGT	GGC	GGA	GGG	TAA	TAG
0	ND2	YP_002735096.1	Yemmalysus parallelus	Eukaryota, Metazoa, Ecdysozoa, Arthropoda, Hexapoda, Insecta, Pterygota, Neoptera, Paraneoptera, Hemiptera, Heteroptera, Panheteroptera, Pentatomomorpha, Lygaeoidea, Berytidae, Yemmalysus	1	1.6842105263157894	0.3157894736842105	4.923076923076923	0.15384615384615385	1.696969696969697	0.7272727272727273	1.696969696969697	0.0	1.6	0.4	2.0	0.0	1.7777777777777777	0.2222222222222222	0.3076923076923077	0.0	0.6153846153846154	0.0	2.5	0.5	1.0	0.0	2.0	0.0	2.0	0.0	0.0	0.0	0.0	4.0	1.9	0.1	2.0	0.0	1.3333333333333333	0.26666666666666666	2.1333333333333333	0.26666666666666666	1.68	0.32	1.5555555555555556	0.4444444444444444	0.7272727272727273	0.48484848484848486	2.6666666666666665	0.0	1.3333333333333333	0.3333333333333333	2.3333333333333335	0.0	2.0	0.0	2.0	0.0	0.0	0.0	1.6666666666666667	0.3333333333333333	0.6666666666666666	0.0	3.3333333333333335	0.0	1.0	0.0
1	COX1	YP_002735097.1	Yemmalysus parallelus	Eukaryota, Metazoa, Ecdysozoa, Arthropoda, Hexapoda, Insecta, Pterygota, Neoptera, Paraneoptera, Hemiptera, Heteroptera, Panheteroptera, Pentatomomorpha, Lygaeoidea, Berytidae, Yemmalysus	1	1.6097560975609757	0.3902439024390244	4.5	0.3	2.9565217391304346	0.34782608695652173	1.9130434782608696	0.0	1.4666666666666666	0.5333333333333333	0.0	2.0	1.875	0.125	0.3	0.0	0.8	0.1	2.5185185185185186	0.0	1.4814814814814814	0.0	1.7333333333333334	0.26666666666666666	2.0	0.0	0.5	0.0	2.5	1.0	1.9245283018867925	0.07547169811320754	1.8125	0.1875	1.1764705882352942	0.11764705882352941	2.7058823529411766	0.0	1.7777777777777777	0.2222222222222222	2.0	0.0	0.6956521739130435	0.0	2.0869565217391304	0.0	0.9333333333333333	0.13333333333333333	2.533333333333333	0.4	1.3846153846153846	0.6153846153846154	2.0	0.0	1.7142857142857142	0.2857142857142857	2.0	0.0	0.782608695652174	0.0	2.608695652173913	0.6086956521739131	0.0	0.0
2	COX2	YP_002735098.1	Yemmalysus parallelus	Eukaryota, Metazoa, Ecdysozoa, Arthropoda, Hexapoda, Insecta, Pterygota, Neoptera, Paraneoptera, Hemiptera, Heteroptera, Panheteroptera, Pentatomomorpha, Lygaeoidea, Berytidae, Yemmalysus	1	1.6363636363636365	0.36363636363636365	4.444444444444445	0.0	0.0	0.7272727272727273	4.363636363636363	0.0	1.1428571428571428	0.8571428571428571	2.0	0.0	2.0	0.0	0.6666666666666666	0.0	0.6666666666666666	0.2222222222222222	1.8181818181818181	0.36363636363636365	1.4545454545454546	0.36363636363636365	2.0	0.0	1.7142857142857142	0.2857142857142857	0.6666666666666666	0.0	2.6666666666666665	0.6666666666666666	1.84	0.16	1.8666666666666667	0.13333333333333333	1.3333333333333333	0.4444444444444444	2.2222222222222223	0.0	1.6842105263157894	0.3157894736842105	2.0	0.0	0.0	0.0	2.909090909090909	0.0	1.3333333333333333	0.0	2.6666666666666665	0.0	0.36363636363636365	0.0	3.6363636363636362	0.0	1.75	0.25	2.0	0.0	0.0	0.0	3.5	0.5	0.0	0.0
3	ATP8	YP_002735099.1	Yemmalysus parallelus	Eukaryota, Metazoa, Ecdysozoa, Arthropoda, Hexapoda, Insecta, Pterygota, Neoptera, Paraneoptera, Hemiptera, Heteroptera, Panheteroptera, Pentatomomorpha, Lygaeoidea, Berytidae, Yemmalysus	1	2.0	0.0	5.333333333333333	0.0	0.0	0.0	4.0	0.0	2.0	0.0	0.0	0.0	2.0	0.0	0.0	0.0	0.6666666666666666	0.0	0.0	0.0	4.0	0.0	0.0	0.0	2.0	0.0	0.0	0.0	0.0	0.0	2.0	0.0	2.0	0.0	0.0	0.0	4.0	0.0	1.5	0.5	2.0	0.0	0.0	0.0	4.0	0.0	0.0	0.0	0.0	0.0	0.0	0.0	4.0	0.0	0.0	0.0	2.0	0.0	4.0	0.0	0.0	0.0	1.0	0.0
4	ATP6	YP_002735100.1	Yemmalysus parallelus	Eukaryota, Metazoa, Ecdysozoa, Arthropoda, Hexapoda, Insecta, Pterygota, Neoptera, Paraneoptera, Hemiptera, Heteroptera, Panheteroptera, Pentatomomorpha, Lygaeoidea, Berytidae, Yemmalysus	1	1.5	0.5	5.333333333333333	0.3333333333333333	1.0	0.3333333333333333	3.0	0.3333333333333333	1.5	0.5	2.0	0.0	2.0	0.0	0.0	0.0	0.3333333333333333	0.0	2.6666666666666665	0.0	1.3333333333333333	0.0	1.6666666666666667	0.3333333333333333	2.0	0.0	0.0	0.0	4.0	0.0	1.8333333333333333	0.16666666666666666	1.7391304347826086	0.2608695652173913	1.25	0.5	2.25	0.0	1.8666666666666667	0.13333333333333333	2.0	0.0	1.0	0.0	2.3333333333333335	0.0	0.4444444444444444	0.0	3.5555555555555554	0.0	1.6	0.8	1.6	0.0	0.0	2.0	2.0	0.0	0.4	0.0	2.8	0.8	1.0	0.0
5	COX3	YP_002735101.1	Yemmalysus parallelus	Eukaryota, Metazoa, Ecdysozoa, Arthropoda, Hexapoda, Insecta, Pterygota, Neoptera, Paraneoptera, Hemiptera, Heteroptera, Panheteroptera, Pentatomomorpha, Lygaeoidea, Berytidae, Yemmalysus	1	1.6521739130434783	0.34782608695652173	5.5	0.0	0.42105263157894735	0.0	3.3684210526315788	0.0	1.8333333333333333	0.16666666666666666	2.0	0.0	2.0	0.0	0.25	0.0	0.25	0.0	2.5	0.0	1.5	0.0	1.7142857142857142	0.2857142857142857	2.0	0.0	0.0	0.0	4.0	0.0	1.92	0.08	1.7	0.3	1.1764705882352942	0.0	2.823529411764706	0.0	1.6666666666666667	0.3333333333333333	2.0	0.0	0.0	0.42105263157894735	3.789473684210526	0.0	1.3333333333333333	0.0	2.6666666666666665	0.0	0.0	0.8888888888888888	3.111111111111111	0.0	1.5	0.5	2.0	0.0	0.4	0.2	3.2	0.2	0.0	0.0
6	ND3	YP_002735102.1	Yemmalysus parallelus	Eukaryota, Metazoa, Ecdysozoa, Arthropoda, Hexapoda, Insecta, Pterygota, Neoptera, Paraneoptera, Hemiptera, Heteroptera, Panheteroptera, Pentatomomorpha, Lygaeoidea, Berytidae, Yemmalysus	1	1.8181818181818181	0.18181818181818182	5.25	0.375	0.8	1.6	3.2	0.0	2.0	0.0	2.0	0.0	2.0	0.0	0.375	0.0	0.0	0.0	3.0	0.0	1.0	0.0	0.0	0.0	2.0	0.0	0.0	0.0	2.0	2.0	1.75	0.25	2.0	0.0	2.2222222222222223	0.4444444444444444	1.3333333333333333	0.0	2.0	0.0	1.8	0.2	0.8	0.0	1.6	0.0	0.8	0.0	2.4	0.8	1.0	0.0	3.0	0.0	1.0	1.0	2.0	0.0	0.0	0.0	4.0	0.0	1.0	0.0
7	ND6	YP_002735106.1	Yemmalysus parallelus	Eukaryota, Metazoa, Ecdysozoa, Arthropoda, Hexapoda, Insecta, Pterygota, Neoptera, Paraneoptera, Hemiptera, Heteroptera, Panheteroptera, Pentatomomorpha, Lygaeoidea, Berytidae, Yemmalysus	1	1.8666666666666667	0.13333333333333333	5.739130434782608	0.0	2.6666666666666665	0.5333333333333333	2.1333333333333333	0.0	1.25	0.75	0.0	0.0	2.0	0.0	0.0	0.0	0.2608695652173913	0.0	2.0	0.0	2.0	0.0	0.0	2.0	2.0	0.0	0.0	0.0	0.0	4.0	1.6521739130434783	0.34782608695652173	1.9130434782608696	0.08695652173913043	1.8181818181818181	0.7272727272727273	1.4545454545454546	0.0	1.8333333333333333	0.16666666666666666	1.2	0.8	0.5333333333333333	0.0	2.1333333333333333	0.0	1.3333333333333333	0.0	2.2222222222222223	0.4444444444444444	4.0	0.0	0.0	0.0	0.0	0.0	1.3333333333333333	0.6666666666666666	0.0	0.0	2.4	1.6	1.0	0.0
8	CYTB	YP_002735107.1	Yemmalysus parallelus	Eukaryota, Metazoa, Ecdysozoa, Arthropoda, Hexapoda, Insecta, Pterygota, Neoptera, Paraneoptera, Hemiptera, Heteroptera, Panheteroptera, Pentatomomorpha, Lygaeoidea, Berytidae, Yemmalysus	1	1.7142857142857142	0.2857142857142857	4.981132075471698	0.11320754716981132	1.6842105263157894	0.42105263157894735	3.789473684210526	0.0	1.6923076923076923	0.3076923076923077	2.0	0.0	1.8333333333333333	0.16666666666666666	0.33962264150943394	0.0	0.4528301886792453	0.11320754716981132	2.727272727272727	0.0	1.2727272727272727	0.0	1.6363636363636365	0.36363636363636365	2.0	0.0	1.0	0.0	2.5	0.5	1.6818181818181819	0.3181818181818182	1.9166666666666667	0.08333333333333333	1.6842105263157894	0.0	2.3157894736842106	0.0	1.7391304347826086	0.2608695652173913	1.3846153846153846	0.6153846153846154	0.8421052631578947	0.42105263157894735	0.8421052631578947	0.0	1.6	0.0	2.4	0.0	2.1052631578947367	0.21052631578947367	1.6842105263157894	0.0	1.5	0.5	2.0	0.0	0.64	0.0	2.88	0.48	0.0	1.0
