	GenName	ProteinID	OrganismName	Taxonomy	Strand	TTT	TTC	TTA	TTG	TCT	TCC	TCA	TCG	TAT	TAC	TGT	TGC	TGA	TGG	CTT	CTC	CTA	CTG	CCT	CCC	CCA	CCG	CAT	CAC	CAA	CAG	CGT	CGC	CGA	CGG	ATT	ATC	ATA	ATG	ACT	ACC	ACA	ACG	AAT	AAC	AAA	AAG	AGT	AGC	GTT	GTC	GTA	GTG	GCT	GCC	GCA	GCG	GAT	GAC	GAA	GAG	GGT	GGC	GGA	GGG	TAA	TAG	AGA	AGG
0	ND1	NP_795729.1	Lipolagus ochotensis	Eukaryota, Metazoa, Chordata, Craniata, Vertebrata, Euteleostomi, Actinopterygii, Neopterygii, Teleostei, Protacanthopterygii, Bathylagidae, Lipolagus	1	0.7	1.3	0.6885245901639344	0.19672131147540983	1.263157894736842	2.526315789473684	1.263157894736842	0.0	0.7692307692307693	1.2307692307692308	0.0	2.0	1.5	0.5	1.8688524590163935	1.5737704918032787	1.0819672131147542	0.5901639344262295	1.6666666666666667	1.0	1.0	0.3333333333333333	0.0	2.0	1.4285714285714286	0.5714285714285714	1.5	1.0	1.0	0.5	1.1304347826086956	0.8695652173913043	0.75	1.25	1.0	1.8	0.6	0.6	0.6666666666666666	1.3333333333333333	1.7142857142857142	0.2857142857142857	0.0	0.9473684210526315	0.8	1.8	1.0	0.4	1.0810810810810811	2.27027027027027	0.6486486486486487	0.0	0.0	2.0	1.0909090909090908	0.9090909090909091	0.0	2.0	0.2222222222222222	1.7777777777777777	1.0	0.0	0.0	0.0
1	ND2	NP_795730.1	Lipolagus ochotensis	Eukaryota, Metazoa, Chordata, Craniata, Vertebrata, Euteleostomi, Actinopterygii, Neopterygii, Teleostei, Protacanthopterygii, Bathylagidae, Lipolagus	1	0.5333333333333333	1.4666666666666666	0.5316455696202531	0.22784810126582278	1.5	2.7857142857142856	0.42857142857142855	0.0	0.5	1.5	2.0	0.0	1.4545454545454546	0.5454545454545454	1.2911392405063291	2.2025316455696204	1.139240506329114	0.6075949367088608	0.8	2.4	0.0	0.8	0.5714285714285714	1.4285714285714286	1.6	0.4	0.8	2.4	0.0	0.8	0.7777777777777778	1.2222222222222223	1.0	1.0	1.4054054054054055	1.7297297297297298	0.7567567567567568	0.10810810810810811	0.25	1.75	1.5	0.5	0.6428571428571429	0.6428571428571429	0.6666666666666666	1.6666666666666667	1.3333333333333333	0.3333333333333333	0.3902439024390244	2.6341463414634148	0.975609756097561	0.0	0.0	2.0	1.6	0.4	0.8	2.0	0.4	0.8	0.0	0.0	0.0	0.0
2	COX1	NP_795731.1	Lipolagus ochotensis	Eukaryota, Metazoa, Chordata, Craniata, Vertebrata, Euteleostomi, Actinopterygii, Neopterygii, Teleostei, Protacanthopterygii, Bathylagidae, Lipolagus	1	0.6190476190476191	1.380952380952381	0.5806451612903226	0.0	1.875	1.6875	1.125	0.375	0.4444444444444444	1.5555555555555556	0.0	2.0	1.8823529411764706	0.11764705882352941	1.2580645161290323	2.4193548387096775	1.1612903225806452	0.5806451612903226	1.8571428571428572	1.2857142857142858	0.7142857142857143	0.14285714285714285	0.5263157894736842	1.4736842105263157	1.25	0.75	0.5	0.5	3.0	0.0	0.8095238095238095	1.1904761904761905	0.5217391304347826	1.4782608695652173	0.6857142857142857	1.1428571428571428	1.6	0.5714285714285714	0.42857142857142855	1.5714285714285714	1.7777777777777777	0.2222222222222222	0.0	0.9375	0.975609756097561	1.3658536585365855	1.0731707317073171	0.5853658536585366	0.6808510638297872	2.127659574468085	1.0212765957446808	0.1702127659574468	0.42857142857142855	1.5714285714285714	1.8	0.2	0.8695652173913043	1.0434782608695652	1.3043478260869565	0.782608695652174	1.0	0.0	0.0	0.0
3	COX2	NP_795732.1	Lipolagus ochotensis	Eukaryota, Metazoa, Chordata, Craniata, Vertebrata, Euteleostomi, Actinopterygii, Neopterygii, Teleostei, Protacanthopterygii, Bathylagidae, Lipolagus	1	1.0	1.0	0.6428571428571429	0.21428571428571427	1.2857142857142858	2.5714285714285716	0.8571428571428571	0.0	0.5	1.5	1.0	1.0	2.0	0.0	1.5	1.9285714285714286	1.0714285714285714	0.6428571428571429	1.1428571428571428	1.7142857142857142	0.8571428571428571	0.2857142857142857	0.4	1.6	2.0	0.0	0.0	2.6666666666666665	1.3333333333333333	0.0	0.7368421052631579	1.263157894736842	1.0	1.0	1.0909090909090908	1.8181818181818181	1.0909090909090908	0.0	1.2	0.8	2.0	0.0	0.42857142857142855	0.8571428571428571	0.9523809523809523	2.0952380952380953	0.9523809523809523	0.0	0.8888888888888888	1.7777777777777777	1.1111111111111112	0.2222222222222222	0.13333333333333333	1.8666666666666667	1.8461538461538463	0.15384615384615385	0.8888888888888888	0.8888888888888888	1.7777777777777777	0.4444444444444444	0.0	0.0	0.0	0.0
4	ATP8	NP_795733.1	Lipolagus ochotensis	Eukaryota, Metazoa, Chordata, Craniata, Vertebrata, Euteleostomi, Actinopterygii, Neopterygii, Teleostei, Protacanthopterygii, Bathylagidae, Lipolagus	1	0.6666666666666666	1.3333333333333333	0.0	0.0	0.0	2.0	0.0	0.0	0.0	0.0	0.0	0.0	2.0	0.0	0.8571428571428571	1.7142857142857142	3.4285714285714284	0.0	2.8	0.4	0.4	0.4	1.0	1.0	2.0	0.0	0.0	0.0	0.0	0.0	2.0	0.0	0.0	2.0	2.0	1.0	1.0	0.0	0.5	1.5	2.0	0.0	0.0	4.0	1.3333333333333333	1.3333333333333333	1.3333333333333333	0.0	1.3333333333333333	2.6666666666666665	0.0	0.0	0.0	0.0	1.0	1.0	0.0	0.0	0.0	0.0	1.0	0.0	0.0	0.0
5	ATP6	NP_795734.1	Lipolagus ochotensis	Eukaryota, Metazoa, Chordata, Craniata, Vertebrata, Euteleostomi, Actinopterygii, Neopterygii, Teleostei, Protacanthopterygii, Bathylagidae, Lipolagus	1	0.8333333333333334	1.1666666666666667	0.5454545454545454	0.10909090909090909	1.8	0.6	0.6	0.6	1.0	1.0	0.0	0.0	1.6	0.4	1.4181818181818182	2.290909090909091	1.5272727272727273	0.10909090909090909	1.411764705882353	1.8823529411764706	0.47058823529411764	0.23529411764705882	0.6666666666666666	1.3333333333333333	1.1111111111111112	0.8888888888888888	0.6666666666666666	1.3333333333333333	1.3333333333333333	0.6666666666666666	0.7777777777777778	1.2222222222222223	0.0	2.0	1.8181818181818181	1.0909090909090908	1.0909090909090908	0.0	0.6666666666666666	1.3333333333333333	0.0	2.0	0.0	2.4	1.0	1.3333333333333333	1.6666666666666667	0.0	1.4	1.8	0.8	0.0	0.0	2.0	2.0	0.0	0.7272727272727273	1.0909090909090908	0.7272727272727273	1.4545454545454546	0.0	0.0	0.0	0.0
6	COX3	NP_795735.1	Lipolagus ochotensis	Eukaryota, Metazoa, Chordata, Craniata, Vertebrata, Euteleostomi, Actinopterygii, Neopterygii, Teleostei, Protacanthopterygii, Bathylagidae, Lipolagus	1	0.75	1.25	1.0	0.0	0.42857142857142855	2.5714285714285716	1.7142857142857142	0.0	0.3333333333333333	1.6666666666666667	1.0	1.0	1.5	0.5	1.2	1.2	1.4	1.2	1.0	1.6666666666666667	1.0	0.3333333333333333	0.625	1.375	1.5555555555555556	0.4444444444444444	1.6	0.8	0.8	0.8	1.0	1.0	0.75	1.25	1.0434782608695652	1.9130434782608696	1.0434782608695652	0.0	2.0	0.0	1.0	1.0	0.0	1.2857142857142858	1.411764705882353	1.8823529411764706	0.47058823529411764	0.23529411764705882	1.3333333333333333	2.1666666666666665	0.5	0.0	0.4	1.6	1.1111111111111112	0.8888888888888888	0.36363636363636365	2.1818181818181817	0.7272727272727273	0.7272727272727273	0.0	0.0	0.0	0.0
7	ND3	NP_795736.1	Lipolagus ochotensis	Eukaryota, Metazoa, Chordata, Craniata, Vertebrata, Euteleostomi, Actinopterygii, Neopterygii, Teleostei, Protacanthopterygii, Bathylagidae, Lipolagus	1	1.1111111111111112	0.8888888888888888	0.2222222222222222	0.0	3.6	2.4	0.0	0.0	1.0	1.0	0.0	2.0	0.4	1.6	1.7777777777777777	2.4444444444444446	1.1111111111111112	0.4444444444444444	1.7777777777777777	1.7777777777777777	0.4444444444444444	0.0	0.0	0.0	2.0	0.0	0.0	4.0	0.0	0.0	1.2	0.8	1.0	1.0	1.7777777777777777	1.3333333333333333	0.8888888888888888	0.0	0.0	2.0	0.0	2.0	0.0	0.0	0.0	2.2857142857142856	1.1428571428571428	0.5714285714285714	1.4545454545454546	2.1818181818181817	0.36363636363636365	0.0	0.5	1.5	1.6666666666666667	0.3333333333333333	0.0	2.6666666666666665	1.3333333333333333	0.0	1.0	0.0	0.0	0.0
8	ND4L	NP_795737.1	Lipolagus ochotensis	Eukaryota, Metazoa, Chordata, Craniata, Vertebrata, Euteleostomi, Actinopterygii, Neopterygii, Teleostei, Protacanthopterygii, Bathylagidae, Lipolagus	1	1.3333333333333333	0.6666666666666666	0.25	0.0	1.0909090909090908	1.6363636363636365	1.0909090909090908	0.0	0.0	2.0	0.6666666666666666	1.3333333333333333	2.0	0.0	2.5	1.75	1.25	0.25	2.0	2.0	0.0	0.0	0.0	2.0	2.0	0.0	0.0	2.6666666666666665	0.0	1.3333333333333333	2.0	0.0	0.8	1.2	0.5	2.5	0.5	0.5	0.0	2.0	0.0	0.0	0.5454545454545454	1.6363636363636365	0.0	0.0	4.0	0.0	0.8571428571428571	2.0	1.1428571428571428	0.0	0.0	2.0	1.3333333333333333	0.6666666666666666	0.8	0.8	2.4	0.0	1.0	0.0	0.0	0.0
9	ND4	NP_795738.1	Lipolagus ochotensis	Eukaryota, Metazoa, Chordata, Craniata, Vertebrata, Euteleostomi, Actinopterygii, Neopterygii, Teleostei, Protacanthopterygii, Bathylagidae, Lipolagus	1	0.5882352941176471	1.411764705882353	0.18	0.36	1.1612903225806452	3.2903225806451615	0.3870967741935484	0.0	0.3076923076923077	1.6923076923076923	0.4	1.6	1.4736842105263157	0.5263157894736842	1.8	2.16	0.96	0.54	1.037037037037037	2.3703703703703702	0.2962962962962963	0.2962962962962963	0.5	1.5	1.2	0.8	0.7272727272727273	1.4545454545454546	1.0909090909090908	0.7272727272727273	0.967741935483871	1.032258064516129	1.0833333333333333	0.9166666666666666	1.3658536585365855	1.853658536585366	0.6829268292682927	0.0975609756097561	0.7272727272727273	1.2727272727272727	1.4545454545454546	0.5454545454545454	0.5806451612903226	0.5806451612903226	0.8571428571428571	2.0	0.5714285714285714	0.5714285714285714	0.7	2.2	1.0	0.1	0.5	1.5	1.5	0.5	0.4444444444444444	1.9259259259259258	1.1851851851851851	0.4444444444444444	0.0	0.0	0.0	0.0
10	ND5	NP_795739.1	Lipolagus ochotensis	Eukaryota, Metazoa, Chordata, Craniata, Vertebrata, Euteleostomi, Actinopterygii, Neopterygii, Teleostei, Protacanthopterygii, Bathylagidae, Lipolagus	1	0.7142857142857143	1.2857142857142858	0.7428571428571429	0.05714285714285714	1.2941176470588236	2.3529411764705883	0.47058823529411764	0.23529411764705882	0.5	1.5	0.3333333333333333	1.6666666666666667	1.2857142857142858	0.7142857142857143	2.057142857142857	1.7714285714285714	1.1428571428571428	0.22857142857142856	0.8275862068965517	2.206896551724138	0.27586206896551724	0.6896551724137931	0.23529411764705882	1.7647058823529411	1.6666666666666667	0.3333333333333333	0.4444444444444444	0.8888888888888888	2.2222222222222223	0.4444444444444444	0.851063829787234	1.148936170212766	1.12	0.88	0.9122807017543859	1.6140350877192982	1.1929824561403508	0.2807017543859649	0.3448275862068966	1.6551724137931034	1.9	0.1	0.7058823529411765	0.9411764705882353	0.7272727272727273	2.1818181818181817	1.0909090909090908	0.0	0.631578947368421	2.1052631578947367	1.1228070175438596	0.14035087719298245	0.6666666666666666	1.3333333333333333	1.8181818181818181	0.18181818181818182	0.5	2.0	1.0	0.5	0.0	1.0	0.0	0.0
11	CYTB	NP_795741.1	Lipolagus ochotensis	Eukaryota, Metazoa, Chordata, Craniata, Vertebrata, Euteleostomi, Actinopterygii, Neopterygii, Teleostei, Protacanthopterygii, Bathylagidae, Lipolagus	1	0.3125	1.6875	0.5263157894736842	0.10526315789473684	1.5	2.75	1.25	0.25	0.3076923076923077	1.6923076923076923	0.0	2.0	1.6666666666666667	0.3333333333333333	2.210526315789474	2.4210526315789473	0.3157894736842105	0.42105263157894735	1.2727272727272727	2.0	0.5454545454545454	0.18181818181818182	0.15384615384615385	1.8461538461538463	1.6666666666666667	0.3333333333333333	0.0	1.7777777777777777	2.2222222222222223	0.0	0.6451612903225806	1.3548387096774193	0.6	1.4	1.2	1.8	1.0	0.0	0.5882352941176471	1.411764705882353	1.7142857142857142	0.2857142857142857	0.0	0.25	1.3333333333333333	1.3333333333333333	0.8	0.5333333333333333	0.8275862068965517	2.4827586206896552	0.6896551724137931	0.0	0.4	1.6	1.1428571428571428	0.8571428571428571	0.6153846153846154	1.6923076923076923	0.9230769230769231	0.7692307692307693	1.0	0.0	0.0	0.0
