	GenName	ProteinID	OrganismName	Taxonomy	Strand	TTT	TTC	TTA	TTG	TCT	TCC	TCA	TCG	TAT	TAC	TGT	TGC	TGA	TGG	CTT	CTC	CTA	CTG	CCT	CCC	CCA	CCG	CAT	CAC	CAA	CAG	CGT	CGC	CGA	CGG	ATT	ATC	ATA	ATG	ACT	ACC	ACA	ACG	AAT	AAC	AAA	AAG	AGT	AGC	AGA	AGG	GTT	GTC	GTA	GTG	GCT	GCC	GCA	GCG	GAT	GAC	GAA	GAG	GGT	GGC	GGA	GGG	TAA	TAG
0	ND5	YP_006665692.1	Galba pervia	Eukaryota, Metazoa, Spiralia, Lophotrochozoa, Mollusca, Gastropoda, Heterobranchia, Euthyneura, Panpulmonata, Hygrophila, Lymnaeoidea, Lymnaeidae, Galba	1	1.896551724137931	0.10344827586206896	4.214285714285714	0.42857142857142855	2.029850746268657	0.11940298507462686	1.4328358208955223	0.23880597014925373	1.8095238095238095	0.19047619047619047	1.8181818181818181	0.18181818181818182	1.5	0.5	0.7142857142857143	0.0	0.6428571428571429	0.0	2.6666666666666665	0.26666666666666666	1.0666666666666667	0.0	1.5	0.5	2.0	0.0	1.1428571428571428	0.0	2.857142857142857	0.0	1.7735849056603774	0.22641509433962265	1.5294117647058822	0.47058823529411764	2.6666666666666665	0.19047619047619047	1.1428571428571428	0.0	1.7391304347826086	0.2608695652173913	1.7142857142857142	0.2857142857142857	0.835820895522388	0.23880597014925373	2.746268656716418	0.3582089552238806	1.8888888888888888	0.0	1.6666666666666667	0.4444444444444444	1.2857142857142858	0.5714285714285714	1.7142857142857142	0.42857142857142855	2.0	0.0	1.2	0.8	1.0666666666666667	0.0	2.0	0.9333333333333333	0.0	1.0
1	ND1	YP_006665693.1	Galba pervia	Eukaryota, Metazoa, Spiralia, Lophotrochozoa, Mollusca, Gastropoda, Heterobranchia, Euthyneura, Panpulmonata, Hygrophila, Lymnaeoidea, Lymnaeidae, Galba	1	1.9473684210526316	0.05263157894736842	4.0	0.3076923076923077	2.962962962962963	0.0	1.4814814814814814	0.0	1.8333333333333333	0.16666666666666666	2.0	0.0	1.6666666666666667	0.3333333333333333	1.2307692307692308	0.0	0.46153846153846156	0.0	2.5454545454545454	0.0	1.0909090909090908	0.36363636363636365	1.0	1.0	2.0	0.0	1.1428571428571428	0.0	2.857142857142857	0.0	1.68	0.32	1.625	0.375	3.6	0.0	0.4	0.0	1.8	0.2	1.7777777777777777	0.2222222222222222	0.5925925925925926	0.5925925925925926	1.7777777777777777	0.5925925925925926	1.6470588235294117	0.0	1.8823529411764706	0.47058823529411764	2.2222222222222223	0.4444444444444444	1.1111111111111112	0.2222222222222222	2.0	0.0	1.4	0.6	1.25	0.5	1.5	0.75	1.0	0.0
2	ND4L	YP_006665694.1	Galba pervia	Eukaryota, Metazoa, Spiralia, Lophotrochozoa, Mollusca, Gastropoda, Heterobranchia, Euthyneura, Panpulmonata, Hygrophila, Lymnaeoidea, Lymnaeidae, Galba	1	1.8	0.2	3.6	0.72	1.0666666666666667	0.5333333333333333	2.6666666666666665	0.5333333333333333	1.4666666666666666	0.5333333333333333	0.8	1.2	1.0	1.0	1.44	0.0	0.0	0.24	0.0	4.0	0.0	0.0	0.0	0.0	2.0	0.0	3.0	0.0	1.0	0.0	1.2	0.8	1.25	0.75	1.6	0.4	2.0	0.0	1.411764705882353	0.5882352941176471	1.2	0.8	0.0	0.0	1.6	1.6	2.0	0.0	1.0	1.0	0.6666666666666666	0.6666666666666666	2.6666666666666665	0.0	0.0	0.0	1.0	1.0	0.0	0.0	2.0	2.0	0.0	1.0
3	CYTB	YP_006665695.1	Galba pervia	Eukaryota, Metazoa, Spiralia, Lophotrochozoa, Mollusca, Gastropoda, Heterobranchia, Euthyneura, Panpulmonata, Hygrophila, Lymnaeoidea, Lymnaeidae, Galba	1	1.5897435897435896	0.41025641025641024	4.040816326530612	0.4897959183673469	2.810810810810811	0.43243243243243246	1.7297297297297298	0.0	1.7777777777777777	0.2222222222222222	2.0	0.0	1.6666666666666667	0.3333333333333333	0.7346938775510204	0.0	0.6122448979591837	0.12244897959183673	2.2857142857142856	0.0	1.5238095238095237	0.19047619047619047	1.2727272727272727	0.7272727272727273	2.0	0.0	1.3333333333333333	0.0	2.0	0.6666666666666666	1.7333333333333334	0.26666666666666666	1.6	0.4	2.0869565217391304	0.5217391304347826	1.2173913043478262	0.17391304347826086	1.75	0.25	1.75	0.25	0.6486486486486487	0.21621621621621623	1.7297297297297298	0.43243243243243246	1.1666666666666667	0.0	2.3333333333333335	0.5	1.8823529411764706	0.0	1.8823529411764706	0.23529411764705882	1.3333333333333333	0.6666666666666666	1.0	1.0	1.5	0.16666666666666666	1.3333333333333333	1.0	0.0	1.0
4	COX2	YP_006665696.1	Galba pervia	Eukaryota, Metazoa, Spiralia, Lophotrochozoa, Mollusca, Gastropoda, Heterobranchia, Euthyneura, Panpulmonata, Hygrophila, Lymnaeoidea, Lymnaeidae, Galba	1	1.8823529411764706	0.11764705882352941	4.714285714285714	0.0	1.8823529411764706	0.0	1.8823529411764706	0.9411764705882353	1.0	1.0	1.0	1.0	2.0	0.0	0.8571428571428571	0.0	0.42857142857142855	0.0	2.0	0.0	2.0	0.0	2.0	0.0	1.3333333333333333	0.6666666666666666	0.0	0.0	4.0	0.0	1.75	0.25	1.8181818181818181	0.18181818181818182	2.2222222222222223	0.0	1.3333333333333333	0.4444444444444444	1.6363636363636365	0.36363636363636365	2.0	0.0	1.411764705882353	0.0	1.411764705882353	0.47058823529411764	0.8	0.26666666666666666	2.4	0.5333333333333333	1.8181818181818181	0.7272727272727273	1.4545454545454546	0.0	1.8181818181818181	0.18181818181818182	2.0	0.0	1.4545454545454546	0.36363636363636365	0.36363636363636365	1.8181818181818181	1.0	0.0
5	ND4	YP_006665700.1	Galba pervia	Eukaryota, Metazoa, Spiralia, Lophotrochozoa, Mollusca, Gastropoda, Heterobranchia, Euthyneura, Panpulmonata, Hygrophila, Lymnaeoidea, Lymnaeidae, Galba	1	1.9183673469387754	0.08163265306122448	3.525	0.975	2.125	0.25	2.0	0.125	1.7142857142857142	0.2857142857142857	1.6923076923076923	0.3076923076923077	1.4285714285714286	0.5714285714285714	0.75	0.0	0.75	0.0	1.5384615384615385	0.6153846153846154	1.5384615384615385	0.3076923076923077	1.6666666666666667	0.3333333333333333	1.3333333333333333	0.6666666666666666	2.6666666666666665	0.0	1.3333333333333333	0.0	1.9411764705882353	0.058823529411764705	1.6129032258064515	0.3870967741935484	2.1333333333333333	0.26666666666666666	1.0666666666666667	0.5333333333333333	1.5714285714285714	0.42857142857142855	2.0	0.0	1.5	0.125	1.375	0.5	2.3636363636363638	0.0	1.4545454545454546	0.18181818181818182	2.6666666666666665	0.38095238095238093	0.9523809523809523	0.0	2.0	0.0	2.0	0.0	1.1111111111111112	0.0	1.5555555555555556	1.3333333333333333	1.0	0.0
6	ND2	YP_006665702.1	Galba pervia	Eukaryota, Metazoa, Spiralia, Lophotrochozoa, Mollusca, Gastropoda, Heterobranchia, Euthyneura, Panpulmonata, Hygrophila, Lymnaeoidea, Lymnaeidae, Galba	1	1.894736842105263	0.10526315789473684	4.595744680851064	0.5106382978723404	1.696969696969697	0.24242424242424243	1.696969696969697	0.9696969696969697	1.6923076923076923	0.3076923076923077	2.0	0.0	1.7142857142857142	0.2857142857142857	0.3829787234042553	0.0	0.5106382978723404	0.0	2.2222222222222223	0.0	0.8888888888888888	0.8888888888888888	2.0	0.0	2.0	0.0	2.0	0.0	2.0	0.0	1.8571428571428572	0.14285714285714285	1.5714285714285714	0.42857142857142855	1.5	0.5	1.5	0.5	1.7333333333333334	0.26666666666666666	2.0	0.0	0.9696969696969697	0.48484848484848486	1.2121212121212122	0.7272727272727273	1.6842105263157894	0.0	2.1052631578947367	0.21052631578947367	2.0	0.0	1.6	0.4	2.0	0.0	2.0	0.0	1.0	0.4	1.0	1.6	1.0	0.0
7	COX1	YP_006665703.1	Galba pervia	Eukaryota, Metazoa, Spiralia, Lophotrochozoa, Mollusca, Gastropoda, Heterobranchia, Euthyneura, Panpulmonata, Hygrophila, Lymnaeoidea, Lymnaeidae, Galba	1	1.7692307692307692	0.23076923076923078	3.193548387096774	0.7741935483870968	3.1627906976744184	0.37209302325581395	2.046511627906977	0.18604651162790697	1.5294117647058822	0.47058823529411764	0.6666666666666666	1.3333333333333333	1.6	0.4	1.064516129032258	0.0	0.967741935483871	0.0	2.6153846153846154	0.0	1.3846153846153846	0.0	1.368421052631579	0.631578947368421	1.5	0.5	1.4545454545454546	0.36363636363636365	1.8181818181818181	0.36363636363636365	1.9473684210526316	0.05263157894736842	1.4	0.6	2.25	0.375	1.25	0.125	2.0	0.0	1.6666666666666667	0.3333333333333333	0.7441860465116279	0.18604651162790697	0.9302325581395349	0.37209302325581395	1.368421052631579	0.21052631578947367	1.7894736842105263	0.631578947368421	1.8666666666666667	0.4	1.4666666666666666	0.26666666666666666	1.8666666666666667	0.13333333333333333	1.5555555555555556	0.4444444444444444	1.2727272727272727	0.0	1.3636363636363635	1.3636363636363635	1.0	0.0
8	ND6	YP_006665704.1	Galba pervia	Eukaryota, Metazoa, Spiralia, Lophotrochozoa, Mollusca, Gastropoda, Heterobranchia, Euthyneura, Panpulmonata, Hygrophila, Lymnaeoidea, Lymnaeidae, Galba	1	1.8823529411764706	0.11764705882352941	3.942857142857143	0.6857142857142857	0.6666666666666666	1.0	2.6666666666666665	0.6666666666666666	2.0	0.0	1.0	1.0	2.0	0.0	0.5142857142857142	0.0	0.6857142857142857	0.17142857142857143	4.0	0.0	0.0	0.0	0.0	0.0	1.6	0.4	0.0	0.0	4.0	0.0	2.0	0.0	1.3333333333333333	0.6666666666666666	2.6666666666666665	0.0	1.3333333333333333	0.0	1.0	1.0	2.0	0.0	1.0	0.3333333333333333	1.0	0.6666666666666666	1.1428571428571428	0.2857142857142857	1.7142857142857142	0.8571428571428571	3.0	0.0	1.0	0.0	2.0	0.0	2.0	0.0	0.0	0.6666666666666666	2.0	1.3333333333333333	1.0	0.0
