	GenName	ProteinID	OrganismName	Taxonomy	Strand	TTT	TTC	TTA	TTG	TCT	TCC	TCA	TCG	TAT	TAC	TGT	TGC	TGA	TGG	CTT	CTC	CTA	CTG	CCT	CCC	CCA	CCG	CAT	CAC	CAA	CAG	CGT	CGC	CGA	CGG	ATT	ATC	ATA	ATG	ACT	ACC	ACA	ACG	AAT	AAC	AAA	AAG	AGT	AGC	GTT	GTC	GTA	GTG	GCT	GCC	GCA	GCG	GAT	GAC	GAA	GAG	GGT	GGC	GGA	GGG	TAA	TAG	AGA	AGG
0	ND1	YP_007624423.1	Antigone rubicunda	Eukaryota, Metazoa, Chordata, Craniata, Vertebrata, Euteleostomi, Archelosauria, Archosauria, Dinosauria, Saurischia, Theropoda, Coelurosauria, Aves, Neognathae, Gruiformes, Gruidae, Antigone	1	0.23529411764705882	1.7647058823529411	0.7868852459016393	0.0	0.6206896551724138	2.2758620689655173	1.6551724137931034	0.0	0.6666666666666666	1.3333333333333333	2.0	0.0	1.75	0.25	0.7868852459016393	1.4754098360655739	2.6557377049180326	0.29508196721311475	1.2307692307692308	0.9230769230769231	1.8461538461538463	0.0	0.6666666666666666	1.3333333333333333	1.6	0.4	1.0	0.5	2.0	0.5	0.64	1.36	1.7333333333333334	0.26666666666666666	0.38095238095238093	1.7142857142857142	1.5238095238095237	0.38095238095238093	0.6	1.4	2.0	0.0	0.20689655172413793	1.2413793103448276	1.1428571428571428	0.5714285714285714	2.2857142857142856	0.0	0.42857142857142855	1.8571428571428572	1.7142857142857142	0.0	1.0	1.0	1.6363636363636365	0.36363636363636365	1.5384615384615385	1.5384615384615385	0.6153846153846154	0.3076923076923077	0.0	0.0	0.0	1.0
1	ND2	YP_007624424.1	Antigone rubicunda	Eukaryota, Metazoa, Chordata, Craniata, Vertebrata, Euteleostomi, Archelosauria, Archosauria, Dinosauria, Saurischia, Theropoda, Coelurosauria, Aves, Neognathae, Gruiformes, Gruidae, Antigone	1	0.8	1.2	0.9375	0.0	0.1875	1.5	3.1875	0.1875	0.5714285714285714	1.4285714285714286	0.0	2.0	1.6	0.4	0.65625	1.5	2.625	0.28125	0.42105263157894735	1.4736842105263157	1.894736842105263	0.21052631578947367	1.1111111111111112	0.8888888888888888	1.8	0.2	0.0	1.3333333333333333	2.6666666666666665	0.0	0.6857142857142857	1.3142857142857143	1.7647058823529411	0.23529411764705882	0.6222222222222222	1.2444444444444445	2.0444444444444443	0.08888888888888889	0.5454545454545454	1.4545454545454546	1.8571428571428572	0.14285714285714285	0.1875	0.75	1.1428571428571428	0.0	2.857142857142857	0.0	0.7142857142857143	1.4285714285714286	1.7142857142857142	0.14285714285714285	0.0	2.0	1.6	0.4	0.3333333333333333	1.6666666666666667	1.3333333333333333	0.6666666666666666	0.0	0.0	0.0	0.0
2	COX1	YP_007624425.1	Antigone rubicunda	Eukaryota, Metazoa, Chordata, Craniata, Vertebrata, Euteleostomi, Archelosauria, Archosauria, Dinosauria, Saurischia, Theropoda, Coelurosauria, Aves, Neognathae, Gruiformes, Gruidae, Antigone	1	0.27906976744186046	1.7209302325581395	0.967741935483871	0.0	0.4444444444444444	2.4444444444444446	2.0	0.2222222222222222	0.7058823529411765	1.2941176470588236	0.0	2.0	1.8823529411764706	0.11764705882352941	0.6774193548387096	0.8709677419354839	3.3870967741935485	0.0967741935483871	0.6451612903225806	0.6451612903225806	2.7096774193548385	0.0	0.42105263157894735	1.5789473684210527	2.0	0.0	0.5	0.5	3.0	0.0	0.5714285714285714	1.4285714285714286	1.92	0.08	0.5853658536585366	1.853658536585366	1.5609756097560976	0.0	0.5333333333333333	1.4666666666666666	2.0	0.0	0.0	0.8888888888888888	0.36363636363636365	1.3333333333333333	2.1818181818181817	0.12121212121212122	1.0666666666666667	1.8666666666666667	1.0666666666666667	0.0	0.4	1.6	2.0	0.0	0.6808510638297872	1.1914893617021276	1.7872340425531914	0.3404255319148936	0.0	0.0	0.0	1.0
3	COX2	YP_007624426.1	Antigone rubicunda	Eukaryota, Metazoa, Chordata, Craniata, Vertebrata, Euteleostomi, Archelosauria, Archosauria, Dinosauria, Saurischia, Theropoda, Coelurosauria, Aves, Neognathae, Gruiformes, Gruidae, Antigone	1	0.4444444444444444	1.5555555555555556	0.967741935483871	0.0	0.0	3.1578947368421053	1.894736842105263	0.0	0.5	1.5	0.6666666666666666	1.3333333333333333	2.0	0.0	0.3870967741935484	1.935483870967742	2.7096774193548385	0.0	1.5384615384615385	0.9230769230769231	1.5384615384615385	0.0	0.2222222222222222	1.7777777777777777	2.0	0.0	0.0	1.6	1.6	0.8	0.47058823529411764	1.5294117647058822	1.6	0.4	0.47058823529411764	1.8823529411764706	1.411764705882353	0.23529411764705882	0.0	2.0	2.0	0.0	0.3157894736842105	0.631578947368421	1.5	1.5	1.0	0.0	1.4285714285714286	0.8571428571428571	1.4285714285714286	0.2857142857142857	0.6153846153846154	1.3846153846153846	1.6	0.4	0.5	0.5	2.5	0.5	1.0	0.0	0.0	0.0
4	ATP8	YP_007624427.1	Antigone rubicunda	Eukaryota, Metazoa, Chordata, Craniata, Vertebrata, Euteleostomi, Archelosauria, Archosauria, Dinosauria, Saurischia, Theropoda, Coelurosauria, Aves, Neognathae, Gruiformes, Gruidae, Antigone	1	0.0	2.0	0.0	0.0	2.4	2.4	1.2	0.0	0.0	0.0	0.0	0.0	2.0	0.0	0.75	1.5	3.0	0.75	0.4	1.2	2.4	0.0	0.0	0.0	2.0	0.0	0.0	0.0	0.0	0.0	0.6666666666666666	1.3333333333333333	0.6666666666666666	1.3333333333333333	0.4444444444444444	2.6666666666666665	0.8888888888888888	0.0	0.0	2.0	2.0	0.0	0.0	0.0	0.0	0.0	0.0	0.0	0.0	0.0	0.0	0.0	0.0	0.0	0.0	0.0	0.0	0.0	0.0	0.0	1.0	0.0	0.0	0.0
5	ATP6	YP_007624428.1	Antigone rubicunda	Eukaryota, Metazoa, Chordata, Craniata, Vertebrata, Euteleostomi, Archelosauria, Archosauria, Dinosauria, Saurischia, Theropoda, Coelurosauria, Aves, Neognathae, Gruiformes, Gruidae, Antigone	1	0.75	1.25	1.0	0.0	0.0	1.6	2.4	0.4	0.6666666666666666	1.3333333333333333	0.0	2.0	2.0	0.0	0.8	1.3	2.8	0.1	0.0	1.411764705882353	2.588235294117647	0.0	1.0	1.0	1.75	0.25	0.8	2.4	0.8	0.0	0.5	1.5	1.3333333333333333	0.6666666666666666	0.6153846153846154	1.6923076923076923	1.6923076923076923	0.0	0.8888888888888888	1.1111111111111112	2.0	0.0	0.4	1.2	0.0	2.0	2.0	0.0	0.5714285714285714	2.0	1.4285714285714286	0.0	0.0	2.0	2.0	0.0	0.0	1.5	2.5	0.0	1.0	0.0	0.0	0.0
6	COX3	YP_007624429.1	Antigone rubicunda	Eukaryota, Metazoa, Chordata, Craniata, Vertebrata, Euteleostomi, Archelosauria, Archosauria, Dinosauria, Saurischia, Theropoda, Coelurosauria, Aves, Neognathae, Gruiformes, Gruidae, Antigone	1	0.4166666666666667	1.5833333333333333	0.9375	0.0	0.0	2.1	2.4	0.0	0.25	1.75	0.0	2.0	1.8333333333333333	0.16666666666666666	0.0	1.5	3.1875	0.375	0.9230769230769231	1.5384615384615385	1.5384615384615385	0.0	0.42105263157894735	1.5789473684210527	2.0	0.0	0.0	0.0	3.2	0.8	0.5	1.5	1.75	0.25	0.2222222222222222	1.5555555555555556	2.2222222222222223	0.0	0.8	1.2	1.3333333333333333	0.6666666666666666	0.0	1.5	0.0	2.0	2.0	0.0	1.1428571428571428	1.3333333333333333	1.5238095238095237	0.0	0.5	1.5	1.5	0.5	0.4	1.4	2.2	0.0	0.0	0.0	0.0	0.0
7	ND3	YP_007624430.1	Antigone rubicunda	Eukaryota, Metazoa, Chordata, Craniata, Vertebrata, Euteleostomi, Archelosauria, Archosauria, Dinosauria, Saurischia, Theropoda, Coelurosauria, Aves, Neognathae, Gruiformes, Gruidae, Antigone	1	0.2222222222222222	1.7777777777777777	0.4444444444444444	0.0	0.8571428571428571	1.7142857142857142	2.5714285714285716	0.0	2.0	0.0	2.0	0.0	2.0	0.0	0.4444444444444444	2.0	3.111111111111111	0.0	0.0	1.7142857142857142	2.2857142857142856	0.0	0.0	0.0	2.0	0.0	0.0	2.0	2.0	0.0	0.36363636363636365	1.6363636363636365	2.0	0.0	0.6153846153846154	2.1538461538461537	1.2307692307692308	0.0	0.6666666666666666	1.3333333333333333	2.0	0.0	0.0	0.8571428571428571	0.0	2.0	2.0	0.0	0.0	1.6	2.4	0.0	0.6666666666666666	1.3333333333333333	2.0	0.0	0.0	2.4	1.6	0.0	0.0	1.0	0.0	0.0
8	ND4L	YP_007624431.1	Antigone rubicunda	Eukaryota, Metazoa, Chordata, Craniata, Vertebrata, Euteleostomi, Archelosauria, Archosauria, Dinosauria, Saurischia, Theropoda, Coelurosauria, Aves, Neognathae, Gruiformes, Gruidae, Antigone	1	0.0	2.0	1.5789473684210527	0.3157894736842105	0.0	2.5714285714285716	1.7142857142857142	0.0	0.0	2.0	2.0	0.0	2.0	0.0	0.3157894736842105	0.0	3.789473684210526	0.0	0.0	2.6666666666666665	1.3333333333333333	0.0	0.3333333333333333	1.6666666666666667	2.0	0.0	0.0	0.0	4.0	0.0	0.5	1.5	1.75	0.25	0.6666666666666666	1.3333333333333333	1.3333333333333333	0.6666666666666666	0.0	2.0	0.0	0.0	0.0	1.7142857142857142	0.0	0.0	4.0	0.0	0.4	1.6	2.0	0.0	0.0	2.0	2.0	0.0	0.0	3.0	1.0	0.0	1.0	0.0	0.0	0.0
9	ND4	YP_007624432.1	Antigone rubicunda	Eukaryota, Metazoa, Chordata, Craniata, Vertebrata, Euteleostomi, Archelosauria, Archosauria, Dinosauria, Saurischia, Theropoda, Coelurosauria, Aves, Neognathae, Gruiformes, Gruidae, Antigone	1	0.5333333333333333	1.4666666666666666	1.02	0.0	0.35294117647058826	1.9411764705882353	1.9411764705882353	0.0	0.36363636363636365	1.6363636363636365	0.6666666666666666	1.3333333333333333	1.8333333333333333	0.16666666666666666	0.42	1.56	2.82	0.18	0.4444444444444444	1.037037037037037	2.3703703703703702	0.14814814814814814	0.3333333333333333	1.6666666666666667	2.0	0.0	0.36363636363636365	1.0909090909090908	2.5454545454545454	0.0	0.55	1.45	1.7391304347826086	0.2608695652173913	0.631578947368421	1.8245614035087718	1.4736842105263157	0.07017543859649122	0.2857142857142857	1.7142857142857142	1.7777777777777777	0.2222222222222222	0.17647058823529413	1.588235294117647	0.5714285714285714	1.7142857142857142	1.7142857142857142	0.0	0.6896551724137931	1.3793103448275863	1.9310344827586208	0.0	0.0	2.0	1.6	0.4	0.2222222222222222	2.4444444444444446	1.3333333333333333	0.0	0.0	0.0	1.0	0.0
10	ND5	YP_007624433.1	Antigone rubicunda	Eukaryota, Metazoa, Chordata, Craniata, Vertebrata, Euteleostomi, Archelosauria, Archosauria, Dinosauria, Saurischia, Theropoda, Coelurosauria, Aves, Neognathae, Gruiformes, Gruidae, Antigone	1	0.4666666666666667	1.5333333333333334	1.00990099009901	0.1188118811881188	0.6382978723404256	2.297872340425532	1.7872340425531914	0.0	0.42857142857142855	1.5714285714285714	1.0	1.0	1.8333333333333333	0.16666666666666666	0.5346534653465347	1.7227722772277227	2.5544554455445545	0.0594059405940594	0.42857142857142855	1.1428571428571428	2.4285714285714284	0.0	0.2857142857142857	1.7142857142857142	1.9	0.1	1.0	1.5	1.5	0.0	0.6538461538461539	1.3461538461538463	1.7647058823529411	0.23529411764705882	0.5194805194805194	1.6623376623376624	1.6623376623376624	0.15584415584415584	0.38461538461538464	1.6153846153846154	1.7391304347826086	0.2608695652173913	0.1276595744680851	1.148936170212766	0.9230769230769231	1.8461538461538463	0.6153846153846154	0.6153846153846154	0.7659574468085106	2.127659574468085	1.1063829787234043	0.0	0.5714285714285714	1.4285714285714286	2.0	0.0	0.35294117647058826	1.7647058823529411	1.7647058823529411	0.11764705882352941	1.0	0.0	0.0	0.0
11	CYTB	YP_007624434.1	Antigone rubicunda	Eukaryota, Metazoa, Chordata, Craniata, Vertebrata, Euteleostomi, Archelosauria, Archosauria, Dinosauria, Saurischia, Theropoda, Coelurosauria, Aves, Neognathae, Gruiformes, Gruidae, Antigone	1	0.5	1.5	0.4411764705882353	0.0	0.5217391304347826	2.347826086956522	2.608695652173913	0.2608695652173913	0.46153846153846156	1.5384615384615385	0.0	2.0	2.0	0.0	0.7941176470588235	1.5	3.0	0.2647058823529412	0.48	1.28	2.24	0.0	0.6153846153846154	1.3846153846153846	2.0	0.0	1.0	1.0	2.0	0.0	0.2857142857142857	1.7142857142857142	1.6666666666666667	0.3333333333333333	0.27586206896551724	2.4827586206896552	1.2413793103448276	0.0	0.2857142857142857	1.7142857142857142	2.0	0.0	0.0	0.2608695652173913	0.5333333333333333	1.3333333333333333	1.8666666666666667	0.26666666666666666	0.6153846153846154	2.3076923076923075	1.0769230769230769	0.0	1.0	1.0	1.7142857142857142	0.2857142857142857	0.32	1.92	1.6	0.16	1.0	0.0	0.0	0.0
