	GenName	ProteinID	OrganismName	Taxonomy	Strand	TTT	TTC	TTA	TTG	TCT	TCC	TCA	TCG	TAT	TAC	TGT	TGC	TGA	TGG	CTT	CTC	CTA	CTG	CCT	CCC	CCA	CCG	CAT	CAC	CAA	CAG	CGT	CGC	CGA	CGG	ATT	ATC	ATA	ATG	ACT	ACC	ACA	ACG	AAT	AAC	AAA	AAG	AGT	AGC	AGA	AGG	GTT	GTC	GTA	GTG	GCT	GCC	GCA	GCG	GAT	GAC	GAA	GAG	GGT	GGC	GGA	GGG	TAA	TAG
0	ND2	YP_009740862.1	Bryodemella tuberculata diluta	Eukaryota, Metazoa, Ecdysozoa, Arthropoda, Hexapoda, Insecta, Pterygota, Neoptera, Polyneoptera, Orthoptera, Caelifera, Acrididea, Acridomorpha, Acridoidea, Acrididae, Oedipodinae, Bryodemella	1	1.125	0.875	2.693877551020408	0.7346938775510204	0.3902439024390244	0.975609756097561	4.487804878048781	0.0	0.6666666666666666	1.3333333333333333	1.5	0.5	1.8181818181818181	0.18181818181818182	0.6122448979591837	0.6122448979591837	1.2244897959183674	0.12244897959183673	0.4444444444444444	0.0	3.5555555555555554	0.0	1.3333333333333333	0.6666666666666666	2.0	0.0	2.0	0.0	2.0	0.0	1.5813953488372092	0.4186046511627907	1.511111111111111	0.4888888888888889	0.38095238095238093	0.19047619047619047	3.0476190476190474	0.38095238095238093	0.9	1.1	1.8666666666666667	0.13333333333333333	0.1951219512195122	0.1951219512195122	1.7560975609756098	0.0	2.0	0.0	2.0	0.0	2.0	0.0	2.0	0.0	2.0	0.0	1.7777777777777777	0.2222222222222222	0.25	0.0	3.0	0.75	1.0	0.0
1	COX1	YP_009740863.1	Bryodemella tuberculata diluta	Eukaryota, Metazoa, Ecdysozoa, Arthropoda, Hexapoda, Insecta, Pterygota, Neoptera, Polyneoptera, Orthoptera, Caelifera, Acrididea, Acridomorpha, Acridoidea, Acrididae, Oedipodinae, Bryodemella	1	1.25	0.75	3.1636363636363636	0.43636363636363634	1.0434782608695652	0.34782608695652173	3.652173913043478	0.34782608695652173	1.6470588235294117	0.35294117647058826	2.0	0.0	2.0	0.0	0.43636363636363634	0.32727272727272727	1.6363636363636365	0.0	0.9230769230769231	0.15384615384615385	2.4615384615384617	0.46153846153846156	1.0	1.0	1.8	0.2	0.5	0.0	3.0	0.5	1.6603773584905661	0.33962264150943394	1.8857142857142857	0.11428571428571428	0.375	0.5	3.125	0.0	1.6	0.4	1.6363636363636365	0.36363636363636365	0.34782608695652173	0.17391304347826086	2.0869565217391304	0.0	1.7333333333333334	0.0	1.6	0.6666666666666666	0.6451612903225806	0.12903225806451613	3.225806451612903	0.0	1.7142857142857142	0.2857142857142857	2.0	0.0	0.851063829787234	0.2553191489361702	2.723404255319149	0.1702127659574468	0.0	0.0
2	COX2	YP_009740864.1	Bryodemella tuberculata diluta	Eukaryota, Metazoa, Ecdysozoa, Arthropoda, Hexapoda, Insecta, Pterygota, Neoptera, Polyneoptera, Orthoptera, Caelifera, Acrididea, Acridomorpha, Acridoidea, Acrididae, Oedipodinae, Bryodemella	1	1.4545454545454546	0.5454545454545454	3.7058823529411766	0.0	1.5238095238095237	0.0	3.8095238095238093	0.0	1.75	0.25	2.0	0.0	2.0	0.0	0.5294117647058824	0.17647058823529413	1.588235294117647	0.0	0.8888888888888888	0.4444444444444444	2.6666666666666665	0.0	1.3333333333333333	0.6666666666666666	2.0	0.0	0.5	0.0	3.5	0.0	1.6521739130434783	0.34782608695652173	1.6363636363636365	0.36363636363636365	0.47058823529411764	0.7058823529411765	2.823529411764706	0.0	1.5	0.5	2.0	0.0	0.38095238095238093	0.38095238095238093	1.9047619047619047	0.0	1.7777777777777777	0.0	2.2222222222222223	0.0	0.8	1.2	2.0	0.0	1.2727272727272727	0.7272727272727273	2.0	0.0	0.4444444444444444	0.0	3.5555555555555554	0.0	1.0	0.0
3	ATP8	YP_009740865.1	Bryodemella tuberculata diluta	Eukaryota, Metazoa, Ecdysozoa, Arthropoda, Hexapoda, Insecta, Pterygota, Neoptera, Polyneoptera, Orthoptera, Caelifera, Acrididea, Acridomorpha, Acridoidea, Acrididae, Oedipodinae, Bryodemella	1	1.1428571428571428	0.8571428571428571	3.0	0.0	0.0	0.0	6.0	0.0	2.0	0.0	0.0	0.0	2.0	0.0	0.0	0.0	3.0	0.0	1.3333333333333333	0.0	2.6666666666666665	0.0	0.0	0.0	2.0	0.0	0.0	0.0	0.0	0.0	1.6666666666666667	0.3333333333333333	2.0	0.0	0.0	0.0	4.0	0.0	1.2	0.8	2.0	0.0	0.0	0.0	2.0	0.0	0.0	0.0	4.0	0.0	0.0	0.0	0.0	0.0	0.0	0.0	0.0	0.0	0.0	0.0	0.0	0.0	1.0	0.0
4	ATP6	YP_009740866.1	Bryodemella tuberculata diluta	Eukaryota, Metazoa, Ecdysozoa, Arthropoda, Hexapoda, Insecta, Pterygota, Neoptera, Polyneoptera, Orthoptera, Caelifera, Acrididea, Acridomorpha, Acridoidea, Acrididae, Oedipodinae, Bryodemella	1	1.5	0.5	4.457142857142857	0.0	0.0	0.38095238095238093	4.9523809523809526	0.0	2.0	0.0	0.0	0.0	2.0	0.0	0.34285714285714286	0.0	1.2	0.0	0.4444444444444444	0.0	3.5555555555555554	0.0	1.0	1.0	2.0	0.0	1.3333333333333333	0.0	2.6666666666666665	0.0	1.6521739130434783	0.34782608695652173	1.9	0.1	0.6666666666666666	0.3333333333333333	3.0	0.0	1.6470588235294117	0.35294117647058826	2.0	0.0	0.38095238095238093	0.0	2.2857142857142856	0.0	1.7142857142857142	0.0	2.2857142857142856	0.0	1.3333333333333333	0.0	2.6666666666666665	0.0	2.0	0.0	2.0	0.0	0.8	0.0	3.2	0.0	1.0	0.0
5	COX3	YP_009740867.1	Bryodemella tuberculata diluta	Eukaryota, Metazoa, Ecdysozoa, Arthropoda, Hexapoda, Insecta, Pterygota, Neoptera, Polyneoptera, Orthoptera, Caelifera, Acrididea, Acridomorpha, Acridoidea, Acrididae, Oedipodinae, Bryodemella	1	1.52	0.48	3.857142857142857	0.0	0.42105263157894735	0.0	5.052631578947368	0.0	1.4	0.6	0.0	2.0	1.8571428571428572	0.14285714285714285	0.8571428571428571	0.21428571428571427	1.0714285714285714	0.0	0.0	0.4	3.6	0.0	1.3846153846153846	0.6153846153846154	2.0	0.0	0.0	0.0	4.0	0.0	1.619047619047619	0.38095238095238093	1.9047619047619047	0.09523809523809523	0.8888888888888888	0.0	3.111111111111111	0.0	1.6363636363636365	0.36363636363636365	2.0	0.0	0.42105263157894735	0.0	2.1052631578947367	0.0	1.1764705882352942	0.0	2.823529411764706	0.0	0.3076923076923077	0.6153846153846154	3.076923076923077	0.0	2.0	0.0	2.0	0.0	0.6666666666666666	0.0	3.3333333333333335	0.0	1.0	0.0
6	ND3	YP_009740868.1	Bryodemella tuberculata diluta	Eukaryota, Metazoa, Ecdysozoa, Arthropoda, Hexapoda, Insecta, Pterygota, Neoptera, Polyneoptera, Orthoptera, Caelifera, Acrididea, Acridomorpha, Acridoidea, Acrididae, Oedipodinae, Bryodemella	1	0.8	1.2	3.5	0.0	0.0	0.0	4.666666666666667	0.0	1.0	1.0	2.0	0.0	2.0	0.0	0.5	0.5	1.5	0.0	0.0	0.0	4.0	0.0	0.0	0.0	2.0	0.0	2.0	0.0	2.0	0.0	1.8888888888888888	0.1111111111111111	2.0	0.0	0.5714285714285714	0.0	3.4285714285714284	0.0	2.0	0.0	1.6666666666666667	0.3333333333333333	0.0	0.0	3.3333333333333335	0.0	2.4	0.0	1.6	0.0	0.5714285714285714	0.0	3.4285714285714284	0.0	1.3333333333333333	0.6666666666666666	2.0	0.0	0.0	0.0	4.0	0.0	0.0	1.0
7	ND6	YP_009740872.1	Bryodemella tuberculata diluta	Eukaryota, Metazoa, Ecdysozoa, Arthropoda, Hexapoda, Insecta, Pterygota, Neoptera, Polyneoptera, Orthoptera, Caelifera, Acrididea, Acridomorpha, Acridoidea, Acrididae, Oedipodinae, Bryodemella	1	1.4	0.6	3.176470588235294	0.35294117647058826	0.6666666666666666	0.6666666666666666	3.3333333333333335	0.0	1.3333333333333333	0.6666666666666666	0.0	0.0	2.0	0.0	1.0588235294117647	0.0	1.411764705882353	0.0	1.3333333333333333	1.3333333333333333	1.3333333333333333	0.0	2.0	0.0	2.0	0.0	4.0	0.0	0.0	0.0	1.6129032258064515	0.3870967741935484	1.935483870967742	0.06451612903225806	0.26666666666666666	0.0	3.7333333333333334	0.0	1.2857142857142858	0.7142857142857143	2.0	0.0	0.6666666666666666	0.0	2.6666666666666665	0.0	0.0	0.6666666666666666	3.3333333333333335	0.0	0.0	0.0	4.0	0.0	0.0	0.0	2.0	0.0	0.8	0.0	3.2	0.0	1.0	0.0
8	CYTB	YP_009740873.1	Bryodemella tuberculata diluta	Eukaryota, Metazoa, Ecdysozoa, Arthropoda, Hexapoda, Insecta, Pterygota, Neoptera, Polyneoptera, Orthoptera, Caelifera, Acrididea, Acridomorpha, Acridoidea, Acrididae, Oedipodinae, Bryodemella	1	1.2592592592592593	0.7407407407407407	3.15	0.15	0.9411764705882353	0.0	4.705882352941177	0.0	1.368421052631579	0.631578947368421	1.6	0.4	2.0	0.0	0.75	0.15	1.8	0.0	1.0909090909090908	0.5454545454545454	2.3636363636363638	0.0	1.2727272727272727	0.7272727272727273	1.75	0.25	0.0	0.0	4.0	0.0	1.72	0.28	1.9310344827586208	0.06896551724137931	0.38095238095238093	0.19047619047619047	3.4285714285714284	0.0	1.36	0.64	2.0	0.0	0.47058823529411764	0.0	1.8823529411764706	0.0	1.2	0.2	2.6	0.0	0.0	0.5	3.5	0.0	1.3333333333333333	0.6666666666666666	2.0	0.0	0.8695652173913043	0.0	3.130434782608696	0.0	1.0	0.0
