	GenName	ProteinID	OrganismName	Taxonomy	Strand	TTT	TTC	TTA	TTG	TCT	TCC	TCA	TCG	TAT	TAC	TGT	TGC	TGA	TGG	CTT	CTC	CTA	CTG	CCT	CCC	CCA	CCG	CAT	CAC	CAA	CAG	CGT	CGC	CGA	CGG	ATT	ATC	ATA	ATG	ACT	ACC	ACA	ACG	AAT	AAC	AAA	AAG	AGT	AGC	GTT	GTC	GTA	GTG	GCT	GCC	GCA	GCG	GAT	GAC	GAA	GAG	GGT	GGC	GGA	GGG	TAA	TAG	AGA	AGG
0	ND1	YP_007024891.1	Trachypithecus hatinhensis	Eukaryota, Metazoa, Chordata, Craniata, Vertebrata, Euteleostomi, Mammalia, Eutheria, Euarchontoglires, Primates, Haplorrhini, Catarrhini, Cercopithecidae, Colobinae, Trachypithecus	1	1.1	0.9	1.3	0.1	1.2	1.2	3.12	0.0	1.0909090909090908	0.9090909090909091	1.0	1.0	2.0	0.0	1.5	0.9	2.1	0.1	1.4	1.6	0.6	0.4	0.0	2.0	1.6666666666666667	0.3333333333333333	0.5714285714285714	0.5714285714285714	2.2857142857142856	0.5714285714285714	1.3043478260869565	0.6956521739130435	1.6	0.4	0.9333333333333333	1.0666666666666667	2.0	0.0	1.3846153846153846	0.6153846153846154	2.0	0.0	0.0	0.48	1.8181818181818181	0.7272727272727273	1.4545454545454546	0.0	0.5714285714285714	1.8571428571428572	1.5714285714285714	0.0	0.6666666666666666	1.3333333333333333	1.6363636363636365	0.36363636363636365	0.0	1.5384615384615385	2.4615384615384617	0.0	0.0	0.0	0.0	0.0
1	ND2	YP_007024892.1	Trachypithecus hatinhensis	Eukaryota, Metazoa, Chordata, Craniata, Vertebrata, Euteleostomi, Mammalia, Eutheria, Euarchontoglires, Primates, Haplorrhini, Catarrhini, Cercopithecidae, Colobinae, Trachypithecus	1	1.2	0.8	1.0344827586206897	0.10344827586206896	1.5555555555555556	2.0	1.7777777777777777	0.0	1.5	0.5	0.0	0.0	2.0	0.0	0.8275862068965517	1.1379310344827587	2.793103448275862	0.10344827586206896	0.8421052631578947	1.6842105263157894	1.263157894736842	0.21052631578947367	0.0	2.0	1.8181818181818181	0.18181818181818182	1.3333333333333333	2.6666666666666665	0.0	0.0	1.2777777777777777	0.7222222222222222	1.8666666666666667	0.13333333333333333	0.782608695652174	1.391304347826087	1.565217391304348	0.2608695652173913	1.0434782608695652	0.9565217391304348	1.8333333333333333	0.16666666666666666	0.4444444444444444	0.2222222222222222	2.6666666666666665	0.6666666666666666	0.6666666666666666	0.0	0.5	2.25	1.25	0.0	0.0	0.0	1.6666666666666667	0.3333333333333333	1.6666666666666667	1.0	1.0	0.3333333333333333	0.0	0.0	0.0	0.0
2	COX1	YP_007024893.1	Trachypithecus hatinhensis	Eukaryota, Metazoa, Chordata, Craniata, Vertebrata, Euteleostomi, Mammalia, Eutheria, Euarchontoglires, Primates, Haplorrhini, Catarrhini, Cercopithecidae, Colobinae, Trachypithecus	1	1.024390243902439	0.975609756097561	1.3548387096774193	0.0967741935483871	1.5	1.5	2.25	0.1875	1.5	0.5	0.0	2.0	1.875	0.125	0.967741935483871	0.7741935483870968	2.129032258064516	0.6774193548387096	1.6551724137931034	1.103448275862069	1.2413793103448276	0.0	0.7368421052631579	1.263157894736842	2.0	0.0	0.5	2.0	1.5	0.0	1.5609756097560976	0.43902439024390244	1.8	0.2	0.8235294117647058	1.2941176470588236	1.6470588235294117	0.23529411764705882	1.1111111111111112	0.8888888888888888	1.8181818181818181	0.18181818181818182	0.0	0.5625	0.6666666666666666	1.1111111111111112	2.111111111111111	0.1111111111111111	1.435897435897436	1.2307692307692308	1.3333333333333333	0.0	0.8	1.2	1.75	0.25	1.0212765957446808	1.0212765957446808	1.3617021276595744	0.5957446808510638	1.0	0.0	0.0	0.0
3	COX2	YP_007024894.1	Trachypithecus hatinhensis	Eukaryota, Metazoa, Chordata, Craniata, Vertebrata, Euteleostomi, Mammalia, Eutheria, Euarchontoglires, Primates, Haplorrhini, Catarrhini, Cercopithecidae, Colobinae, Trachypithecus	1	1.4	0.6	1.6875	0.0	0.9230769230769231	1.3846153846153846	2.3076923076923075	0.0	0.8888888888888888	1.1111111111111112	1.0	1.0	2.0	0.0	0.75	0.75	2.625	0.1875	0.75	0.75	2.5	0.0	0.3333333333333333	1.6666666666666667	2.0	0.0	0.6666666666666666	0.6666666666666666	2.0	0.6666666666666666	1.4782608695652173	0.5217391304347826	1.6	0.4	1.4	0.6	2.0	0.0	1.25	0.75	1.5	0.5	0.46153846153846156	0.9230769230769231	1.4285714285714286	1.4285714285714286	0.5714285714285714	0.5714285714285714	1.6666666666666667	1.6666666666666667	0.6666666666666666	0.0	0.8888888888888888	1.1111111111111112	1.6363636363636365	0.36363636363636365	0.7272727272727273	1.0909090909090908	1.8181818181818181	0.36363636363636365	1.0	0.0	0.0	0.0
4	ATP8	YP_007024895.1	Trachypithecus hatinhensis	Eukaryota, Metazoa, Chordata, Craniata, Vertebrata, Euteleostomi, Mammalia, Eutheria, Euarchontoglires, Primates, Haplorrhini, Catarrhini, Cercopithecidae, Colobinae, Trachypithecus	1	2.0	0.0	2.0	0.0	1.5	1.5	1.5	0.0	1.0	1.0	0.0	0.0	1.3333333333333333	0.6666666666666666	0.5	0.5	3.0	0.0	2.0	0.6666666666666666	1.3333333333333333	0.0	1.0	1.0	1.7142857142857142	0.2857142857142857	0.0	0.0	0.0	0.0	2.0	0.0	1.0	1.0	0.0	1.3333333333333333	2.0	0.6666666666666666	1.3333333333333333	0.6666666666666666	2.0	0.0	0.0	1.5	0.0	0.0	0.0	0.0	0.0	0.0	4.0	0.0	0.0	0.0	0.0	0.0	0.0	0.0	0.0	0.0	1.0	0.0	0.0	0.0
5	ATP6	YP_007024896.1	Trachypithecus hatinhensis	Eukaryota, Metazoa, Chordata, Craniata, Vertebrata, Euteleostomi, Mammalia, Eutheria, Euarchontoglires, Primates, Haplorrhini, Catarrhini, Cercopithecidae, Colobinae, Trachypithecus	1	1.7142857142857142	0.2857142857142857	1.25	0.25	1.8	1.2	1.2	0.0	1.0	1.0	0.0	0.0	0.0	2.0	0.5	1.0	2.75	0.25	0.6153846153846154	1.8461538461538463	1.5384615384615385	0.0	1.4285714285714286	0.5714285714285714	1.7777777777777777	0.2222222222222222	1.3333333333333333	1.3333333333333333	1.3333333333333333	0.0	1.3636363636363635	0.6363636363636364	0.8888888888888888	1.1111111111111112	0.8	1.3333333333333333	1.7333333333333334	0.13333333333333333	1.5	0.5	1.6	0.4	0.6	1.2	0.6666666666666666	0.0	2.6666666666666665	0.6666666666666666	0.7058823529411765	1.8823529411764706	1.411764705882353	0.0	2.0	0.0	2.0	0.0	0.5714285714285714	1.1428571428571428	2.2857142857142856	0.0	1.0	0.0	0.0	0.0
6	COX3	YP_007024897.1	Trachypithecus hatinhensis	Eukaryota, Metazoa, Chordata, Craniata, Vertebrata, Euteleostomi, Mammalia, Eutheria, Euarchontoglires, Primates, Haplorrhini, Catarrhini, Cercopithecidae, Colobinae, Trachypithecus	1	1.0476190476190477	0.9523809523809523	1.9411764705882353	0.0	1.6666666666666667	1.0	2.0	0.0	1.0	1.0	0.0	2.0	2.0	0.0	1.411764705882353	0.7058823529411765	1.7647058823529411	0.17647058823529413	1.2307692307692308	1.2307692307692308	1.5384615384615385	0.0	0.8235294117647058	1.1764705882352942	1.75	0.25	0.8	1.6	1.6	0.0	1.0588235294117647	0.9411764705882353	1.6923076923076923	0.3076923076923077	1.2173913043478262	1.0434782608695652	1.7391304347826086	0.0	0.8	1.2	2.0	0.0	0.3333333333333333	1.0	1.4285714285714286	1.4285714285714286	1.1428571428571428	0.0	1.5384615384615385	0.9230769230769231	1.2307692307692308	0.3076923076923077	1.3333333333333333	0.6666666666666666	1.7142857142857142	0.2857142857142857	0.8421052631578947	1.4736842105263157	1.4736842105263157	0.21052631578947367	0.0	0.0	0.0	0.0
7	ND3	YP_007024898.1	Trachypithecus hatinhensis	Eukaryota, Metazoa, Chordata, Craniata, Vertebrata, Euteleostomi, Mammalia, Eutheria, Euarchontoglires, Primates, Haplorrhini, Catarrhini, Cercopithecidae, Colobinae, Trachypithecus	1	1.4285714285714286	0.5714285714285714	1.3333333333333333	0.0	0.0	3.0	3.0	0.0	0.0	2.0	0.0	2.0	1.5	0.5	0.2222222222222222	0.8888888888888888	2.6666666666666665	0.8888888888888888	3.0	0.0	1.0	0.0	0.0	0.0	2.0	0.0	0.0	4.0	0.0	0.0	1.2	0.8	2.0	0.0	1.3333333333333333	1.3333333333333333	1.3333333333333333	0.0	0.8	1.2	1.0	1.0	0.0	0.0	0.0	1.3333333333333333	2.6666666666666665	0.0	2.0	0.5	1.5	0.0	0.0	2.0	2.0	0.0	0.0	2.6666666666666665	0.0	1.3333333333333333	0.0	0.0	0.0	0.0
8	ND4L	YP_007024899.1	Trachypithecus hatinhensis	Eukaryota, Metazoa, Chordata, Craniata, Vertebrata, Euteleostomi, Mammalia, Eutheria, Euarchontoglires, Primates, Haplorrhini, Catarrhini, Cercopithecidae, Colobinae, Trachypithecus	1	1.5	0.5	2.0869565217391304	0.0	0.75	0.75	3.75	0.0	2.0	0.0	0.0	2.0	0.0	0.0	0.782608695652174	0.782608695652174	2.347826086956522	0.0	0.0	4.0	0.0	0.0	1.3333333333333333	0.6666666666666666	2.0	0.0	4.0	0.0	0.0	0.0	1.2	0.8	1.8	0.2	0.0	2.0	2.0	0.0	0.6666666666666666	1.3333333333333333	0.0	0.0	0.75	0.0	0.0	1.0	2.0	1.0	1.3333333333333333	1.3333333333333333	0.8888888888888888	0.4444444444444444	2.0	0.0	1.0	1.0	2.0	1.0	1.0	0.0	1.0	0.0	0.0	0.0
9	ND4	YP_007024900.1	Trachypithecus hatinhensis	Eukaryota, Metazoa, Chordata, Craniata, Vertebrata, Euteleostomi, Mammalia, Eutheria, Euarchontoglires, Primates, Haplorrhini, Catarrhini, Cercopithecidae, Colobinae, Trachypithecus	1	1.2380952380952381	0.7619047619047619	1.8876404494382022	0.2696629213483146	1.2	1.95	1.35	0.0	1.125	0.875	0.6666666666666666	1.3333333333333333	1.5	0.5	0.9438202247191011	1.2808988764044944	1.550561797752809	0.06741573033707865	0.7619047619047619	2.6666666666666665	0.5714285714285714	0.0	0.8333333333333334	1.1666666666666667	1.7777777777777777	0.2222222222222222	0.0	0.8	3.2	0.0	1.45	0.55	1.6585365853658536	0.34146341463414637	0.5833333333333334	1.5	1.75	0.16666666666666666	0.96	1.04	2.0	0.0	0.6	0.9	0.5	0.5	2.5	0.5	0.7407407407407407	1.4814814814814814	1.7777777777777777	0.0	0.0	2.0	2.0	0.0	1.25	1.5	1.25	0.0	0.0	0.0	0.0	0.0
10	ND5	YP_007024901.1	Trachypithecus hatinhensis	Eukaryota, Metazoa, Chordata, Craniata, Vertebrata, Euteleostomi, Mammalia, Eutheria, Euarchontoglires, Primates, Haplorrhini, Catarrhini, Cercopithecidae, Colobinae, Trachypithecus	1	1.2	0.8	1.14	0.12	0.9333333333333333	1.6	1.8666666666666667	0.0	0.9411764705882353	1.0588235294117647	0.6666666666666666	1.3333333333333333	1.8333333333333333	0.16666666666666666	0.48	1.32	2.82	0.12	0.5925925925925926	1.6296296296296295	1.7777777777777777	0.0	1.0	1.0	1.6666666666666667	0.3333333333333333	1.0	1.0	2.0	0.0	1.2903225806451613	0.7096774193548387	1.6666666666666667	0.3333333333333333	1.0158730158730158	1.7142857142857142	1.2063492063492063	0.06349206349206349	1.0	1.0	1.9	0.1	0.9333333333333333	0.6666666666666666	1.8461538461538463	0.3076923076923077	1.2307692307692308	0.6153846153846154	0.6666666666666666	1.7777777777777777	1.5555555555555556	0.0	0.9230769230769231	1.0769230769230769	1.3333333333333333	0.6666666666666666	0.9230769230769231	1.3846153846153846	1.2307692307692308	0.46153846153846156	1.0	0.0	0.0	0.0
11	CYTB	YP_007024903.1	Trachypithecus hatinhensis	Eukaryota, Metazoa, Chordata, Craniata, Vertebrata, Euteleostomi, Mammalia, Eutheria, Euarchontoglires, Primates, Haplorrhini, Catarrhini, Cercopithecidae, Colobinae, Trachypithecus	1	0.96	1.04	1.0153846153846153	0.0	1.2	2.2	1.4	0.0	0.7142857142857143	1.2857142857142858	0.0	2.0	2.0	0.0	0.7384615384615385	1.5692307692307692	2.2153846153846155	0.46153846153846156	0.48	1.28	1.92	0.32	0.9090909090909091	1.0909090909090908	1.5555555555555556	0.4444444444444444	0.5714285714285714	1.1428571428571428	2.2857142857142856	0.0	0.9444444444444444	1.0555555555555556	1.7333333333333334	0.26666666666666666	0.7272727272727273	1.696969696969697	1.4545454545454546	0.12121212121212122	1.2222222222222223	0.7777777777777778	1.7777777777777777	0.2222222222222222	0.6	0.6	1.1428571428571428	0.5714285714285714	2.2857142857142856	0.0	0.21052631578947367	1.4736842105263157	2.3157894736842106	0.0	0.4444444444444444	1.5555555555555556	1.0	1.0	0.9523809523809523	1.7142857142857142	1.1428571428571428	0.19047619047619047	0.0	0.0	0.0	0.0
