	GenName	ProteinID	OrganismName	Taxonomy	Strand	TTT	TTC	TTA	TTG	TCT	TCC	TCA	TCG	TAT	TAC	TGT	TGC	TGA	TGG	CTT	CTC	CTA	CTG	CCT	CCC	CCA	CCG	CAT	CAC	CAA	CAG	CGT	CGC	CGA	CGG	ATT	ATC	ATA	ATG	ACT	ACC	ACA	ACG	AAT	AAC	AAA	AAG	AGT	AGC	AGA	AGG	GTT	GTC	GTA	GTG	GCT	GCC	GCA	GCG	GAT	GAC	GAA	GAG	GGT	GGC	GGA	GGG	TAA	TAG
0	orf127	YP_005352663.1	Gigaspora rosea	Eukaryota, Fungi, Fungi incertae sedis, Mucoromycota, Glomeromycotina, Glomeromycetes, Diversisporales, Gigasporaceae, Gigaspora	1	1.6666666666666667	0.3333333333333333	0.0	0.0	3.0	0.0	0.0	1.0	1.5	0.5	0.6666666666666666	1.3333333333333333	0.0	2.0	3.6	2.4	0.0	0.0	2.0	1.0	0.6666666666666666	0.3333333333333333	1.3333333333333333	0.6666666666666666	0.5	1.5	1.7142857142857142	0.5714285714285714	1.7142857142857142	0.0	1.25	0.75	0.8	1.2	3.3333333333333335	0.6666666666666666	0.0	0.0	1.3333333333333333	0.6666666666666666	1.0909090909090908	0.9090909090909091	2.0	0.0	1.0	1.0	1.1428571428571428	0.5714285714285714	2.2857142857142856	0.0	2.4	0.8	0.8	0.0	1.3333333333333333	0.6666666666666666	2.0	0.0	1.3333333333333333	0.4444444444444444	0.4444444444444444	1.7777777777777777	1.0	0.0
1	nad2	YP_005352664.1	Gigaspora rosea	Eukaryota, Fungi, Fungi incertae sedis, Mucoromycota, Glomeromycotina, Glomeromycetes, Diversisporales, Gigasporaceae, Gigaspora	1	0.9090909090909091	1.0909090909090908	1.2212389380530972	1.0619469026548674	1.855072463768116	2.0869565217391304	0.5797101449275363	0.6956521739130435	1.1428571428571428	0.8571428571428571	0.2857142857142857	1.7142857142857142	0.0	2.0	1.4336283185840708	0.8495575221238938	0.7964601769911505	0.6371681415929203	2.4615384615384617	0.7692307692307693	0.46153846153846156	0.3076923076923077	1.4285714285714286	0.5714285714285714	1.0	1.0	1.7142857142857142	0.0	1.1428571428571428	1.1428571428571428	1.1612903225806452	0.8387096774193549	1.1	0.9	1.5384615384615385	1.3846153846153846	0.46153846153846156	0.6153846153846154	0.5714285714285714	1.4285714285714286	1.0909090909090908	0.9090909090909091	1.1594202898550725	1.0434782608695652	0.34782608695652173	0.2318840579710145	1.0666666666666667	0.8888888888888888	1.4222222222222223	0.6222222222222222	1.4444444444444444	1.5555555555555556	0.4444444444444444	0.5555555555555556	0.9090909090909091	1.0909090909090908	0.8888888888888888	1.1111111111111112	1.0588235294117647	0.47058823529411764	1.0588235294117647	1.411764705882353	1.0	0.0
2	nad3	YP_005352665.1	Gigaspora rosea	Eukaryota, Fungi, Fungi incertae sedis, Mucoromycota, Glomeromycotina, Glomeromycetes, Diversisporales, Gigasporaceae, Gigaspora	1	1.1428571428571428	0.8571428571428571	1.263157894736842	0.631578947368421	3.789473684210526	0.8421052631578947	0.8421052631578947	0.42105263157894735	1.3333333333333333	0.6666666666666666	0.0	2.0	0.0	2.0	1.5789473684210527	0.631578947368421	1.263157894736842	0.631578947368421	1.3333333333333333	1.3333333333333333	1.3333333333333333	0.0	0.0	2.0	2.0	0.0	0.0	1.3333333333333333	2.6666666666666665	0.0	1.6	0.4	0.6666666666666666	1.3333333333333333	1.5	2.5	0.0	0.0	1.0	1.0	1.1428571428571428	0.8571428571428571	1.6842105263157894	0.0	0.0	0.42105263157894735	1.2307692307692308	0.6153846153846154	1.2307692307692308	0.9230769230769231	2.0	1.6	0.0	0.4	0.6666666666666666	1.3333333333333333	1.0	1.0	1.1428571428571428	1.1428571428571428	1.1428571428571428	0.5714285714285714	1.0	0.0
3	nad5	YP_005352668.1	Gigaspora rosea	Eukaryota, Fungi, Fungi incertae sedis, Mucoromycota, Glomeromycotina, Glomeromycetes, Diversisporales, Gigasporaceae, Gigaspora	1	1.0	1.0	1.5535714285714286	0.8571428571428571	2.626865671641791	1.3134328358208955	1.671641791044776	0.5970149253731343	0.7741935483870968	1.2258064516129032	2.0	0.0	0.0	2.0	1.3392857142857142	0.9642857142857143	0.9107142857142857	0.375	2.3076923076923075	0.9230769230769231	0.7692307692307693	0.0	0.9333333333333333	1.0666666666666667	1.25	0.75	1.3333333333333333	0.4444444444444444	1.3333333333333333	0.8888888888888888	1.5862068965517242	0.41379310344827586	0.918918918918919	1.0810810810810811	1.5757575757575757	0.9696969696969697	0.7272727272727273	0.7272727272727273	1.3333333333333333	0.6666666666666666	0.875	1.125	0.47761194029850745	1.0746268656716418	0.11940298507462686	0.11940298507462686	1.5454545454545454	1.0	1.0909090909090908	0.36363636363636365	1.7857142857142858	1.1428571428571428	0.7142857142857143	0.35714285714285715	1.0	1.0	0.5333333333333333	1.4666666666666666	1.2857142857142858	0.5	1.0714285714285714	1.1428571428571428	1.0	0.0
4	orf107	YP_005352669.1	Gigaspora rosea	Eukaryota, Fungi, Fungi incertae sedis, Mucoromycota, Glomeromycotina, Glomeromycetes, Diversisporales, Gigasporaceae, Gigaspora	1	1.1111111111111112	0.8888888888888888	0.9230769230769231	0.46153846153846156	2.4	0.0	1.6	0.0	2.0	0.0	2.0	0.0	0.0	2.0	0.9230769230769231	1.3846153846153846	1.8461538461538463	0.46153846153846156	1.1428571428571428	2.0	0.2857142857142857	0.5714285714285714	0.0	2.0	1.3333333333333333	0.6666666666666666	2.6666666666666665	0.0	0.0	1.3333333333333333	1.0	1.0	1.0	1.0	2.0	1.0	1.0	0.0	0.0	2.0	1.0	1.0	0.8	0.0	1.6	1.6	2.0	1.0	0.0	1.0	1.0	2.0	1.0	0.0	2.0	0.0	0.0	2.0	1.0	1.6666666666666667	0.3333333333333333	1.0	0.0	1.0
5	orf115	YP_005352670.1	Gigaspora rosea	Eukaryota, Fungi, Fungi incertae sedis, Mucoromycota, Glomeromycotina, Glomeromycetes, Diversisporales, Gigasporaceae, Gigaspora	1	0.5714285714285714	1.4285714285714286	2.1818181818181817	1.6363636363636365	1.3333333333333333	1.3333333333333333	1.3333333333333333	0.0	1.3333333333333333	0.6666666666666666	2.0	0.0	0.0	2.0	1.0909090909090908	0.0	1.0909090909090908	0.0	2.4	1.6	0.0	0.0	1.3333333333333333	0.6666666666666666	0.8571428571428571	1.1428571428571428	4.0	0.0	0.0	0.0	1.5	0.5	0.6	1.4	1.4545454545454546	0.7272727272727273	1.4545454545454546	0.36363636363636365	1.3333333333333333	0.6666666666666666	0.5	1.5	0.6666666666666666	0.6666666666666666	2.0	0.6666666666666666	0.5714285714285714	0.5714285714285714	2.857142857142857	0.0	1.6	1.6	0.0	0.8	1.5	0.5	0.8	1.2	2.0	0.0	1.3333333333333333	0.6666666666666666	1.0	0.0
6	atp9	YP_005352672.1	Gigaspora rosea	Eukaryota, Fungi, Fungi incertae sedis, Mucoromycota, Glomeromycotina, Glomeromycetes, Diversisporales, Gigasporaceae, Gigaspora	1	0.8	1.2	1.3846153846153846	0.46153846153846156	0.0	2.2857142857142856	0.0	0.0	2.0	0.0	0.0	0.0	0.0	0.0	1.3846153846153846	0.9230769230769231	1.3846153846153846	0.46153846153846156	4.0	0.0	0.0	0.0	0.0	0.0	0.0	2.0	0.0	0.0	0.0	0.0	1.6	0.4	1.0	1.0	1.6	0.0	0.8	1.6	0.0	2.0	2.0	0.0	1.1428571428571428	2.2857142857142856	2.2857142857142856	0.0	0.0	2.0	2.0	0.0	1.4285714285714286	0.8571428571428571	1.1428571428571428	0.5714285714285714	0.0	0.0	0.0	2.0	1.0909090909090908	0.36363636363636365	1.0909090909090908	1.4545454545454546	0.0	1.0
7	nad6	YP_005352673.1	Gigaspora rosea	Eukaryota, Fungi, Fungi incertae sedis, Mucoromycota, Glomeromycotina, Glomeromycetes, Diversisporales, Gigasporaceae, Gigaspora	1	0.9230769230769231	1.0769230769230769	1.2	0.84	5.176470588235294	1.411764705882353	0.0	0.47058823529411764	0.5	1.5	1.0	1.0	0.0	2.0	1.44	0.84	1.08	0.6	1.0	2.0	1.0	0.0	1.0	1.0	0.0	2.0	0.0	0.0	0.0	0.0	1.125	0.875	1.25	0.75	0.6666666666666666	2.6666666666666665	0.0	0.6666666666666666	0.4	1.6	0.0	0.0	0.47058823529411764	0.0	0.0	0.47058823529411764	1.1428571428571428	1.4285714285714286	1.1428571428571428	0.2857142857142857	1.7142857142857142	1.7142857142857142	0.2857142857142857	0.2857142857142857	0.5	1.5	0.6666666666666666	1.3333333333333333	1.5	0.5	1.0	1.0	0.0	1.0
8	nad1	YP_005352678.1	Gigaspora rosea	Eukaryota, Fungi, Fungi incertae sedis, Mucoromycota, Glomeromycotina, Glomeromycetes, Diversisporales, Gigasporaceae, Gigaspora	1	0.7368421052631579	1.263157894736842	1.9130434782608696	0.782608695652174	2.4444444444444446	2.0	0.8888888888888888	0.2222222222222222	0.8333333333333334	1.1666666666666667	1.0	1.0	0.0	2.0	1.6521739130434783	0.43478260869565216	0.8695652173913043	0.34782608695652173	2.0	0.7272727272727273	0.9090909090909091	0.36363636363636365	1.0	1.0	0.5714285714285714	1.4285714285714286	1.3333333333333333	1.3333333333333333	0.0	1.3333333333333333	1.0526315789473684	0.9473684210526315	0.9230769230769231	1.0769230769230769	1.5	1.5	0.5	0.5	0.5	1.5	0.5714285714285714	1.4285714285714286	0.8888888888888888	1.1111111111111112	0.4444444444444444	0.0	0.9230769230769231	1.0769230769230769	1.0769230769230769	0.9230769230769231	1.391304347826087	1.2173913043478262	0.8695652173913043	0.5217391304347826	1.4285714285714286	0.5714285714285714	1.0	1.0	1.2727272727272727	0.36363636363636365	1.2727272727272727	1.0909090909090908	1.0	0.0
9	orf107	YP_005352680.1	Gigaspora rosea	Eukaryota, Fungi, Fungi incertae sedis, Mucoromycota, Glomeromycotina, Glomeromycetes, Diversisporales, Gigasporaceae, Gigaspora	1	0.8571428571428571	1.1428571428571428	0.75	1.125	0.0	0.5714285714285714	2.2857142857142856	0.5714285714285714	0.0	2.0	1.6	0.4	1.0	1.0	1.125	1.125	1.125	0.75	0.6666666666666666	2.0	0.6666666666666666	0.6666666666666666	0.0	2.0	1.2	0.8	0.8	1.6	0.8	0.8	1.4285714285714286	0.5714285714285714	0.6666666666666666	1.3333333333333333	1.8181818181818181	0.7272727272727273	0.36363636363636365	1.0909090909090908	0.0	2.0	2.0	0.0	1.1428571428571428	0.5714285714285714	1.7142857142857142	1.1428571428571428	2.2857142857142856	0.5714285714285714	1.1428571428571428	0.0	0.0	0.0	0.0	4.0	1.0	1.0	1.0	1.0	0.6666666666666666	0.0	1.3333333333333333	2.0	0.0	0.0
10	atp8	YP_005352681.1	Gigaspora rosea	Eukaryota, Fungi, Fungi incertae sedis, Mucoromycota, Glomeromycotina, Glomeromycetes, Diversisporales, Gigasporaceae, Gigaspora	1	0.5	1.5	0.375	1.5	2.6666666666666665	2.6666666666666665	0.0	0.0	0.0	2.0	0.0	0.0	0.0	2.0	2.625	0.375	1.125	0.0	3.0	0.0	1.0	0.0	2.0	0.0	1.0	1.0	0.0	0.0	4.0	0.0	1.0	1.0	2.0	0.0	0.0	1.3333333333333333	2.6666666666666665	0.0	2.0	0.0	2.0	0.0	1.3333333333333333	0.0	0.0	1.3333333333333333	1.0	1.0	2.0	0.0	0.0	4.0	0.0	0.0	0.0	0.0	0.0	0.0	1.3333333333333333	1.3333333333333333	1.3333333333333333	0.0	0.0	1.0
11	nad4	YP_005352682.1	Gigaspora rosea	Eukaryota, Fungi, Fungi incertae sedis, Mucoromycota, Glomeromycotina, Glomeromycetes, Diversisporales, Gigasporaceae, Gigaspora	1	0.875	1.125	1.6756756756756757	0.8108108108108109	2.3703703703703702	1.3333333333333333	0.5925925925925926	0.5925925925925926	0.9565217391304348	1.0434782608695652	1.0	1.0	0.0	2.0	1.2432432432432432	0.7567567567567568	0.972972972972973	0.5405405405405406	1.9130434782608696	1.2173913043478262	0.5217391304347826	0.34782608695652173	0.6666666666666666	1.3333333333333333	1.25	0.75	1.6666666666666667	0.6666666666666666	1.3333333333333333	0.3333333333333333	0.9302325581395349	1.069767441860465	0.6666666666666666	1.3333333333333333	2.0	0.6666666666666666	0.9333333333333333	0.4	0.8571428571428571	1.1428571428571428	1.2	0.8	1.3333333333333333	0.7407407407407407	0.7407407407407407	0.2962962962962963	1.3	1.1	0.7	0.9	2.625	0.75	0.625	0.0	1.25	0.75	1.0588235294117647	0.9411764705882353	1.2093023255813953	0.8372093023255814	0.5581395348837209	1.3953488372093024	0.0	1.0
