	GenName	ProteinID	OrganismName	Taxonomy	Strand	TTT	TTC	TTA	TTG	TCT	TCC	TCA	TCG	TAT	TAC	TGT	TGC	TGA	TGG	CTT	CTC	CTA	CTG	CCT	CCC	CCA	CCG	CAT	CAC	CAA	CAG	CGT	CGC	CGA	CGG	ATT	ATC	ATA	ATG	ACT	ACC	ACA	ACG	AAT	AAC	AAA	AAG	AGT	AGC	AGA	AGG	GTT	GTC	GTA	GTG	GCT	GCC	GCA	GCG	GAT	GAC	GAA	GAG	GGT	GGC	GGA	GGG	TAA	TAG
0	mttB	YP_009295486.1	Saccharum officinarum	Eukaryota, Viridiplantae, Streptophyta, Embryophyta, Tracheophyta, Spermatophyta, Magnoliopsida, Liliopsida, Poales, Poaceae, PACMAD clade, Panicoideae, Andropogonodae, Andropogoneae, Saccharinae, Saccharum, Saccharum officinarum complex	1	1.0434782608695652	0.9565217391304348	1.5	1.7142857142857142	1.2903225806451613	1.2903225806451613	1.032258064516129	1.5483870967741935	1.2	0.8	0.3333333333333333	1.6666666666666667	0.0	2.0	1.2857142857142858	0.6428571428571429	0.6428571428571429	0.21428571428571427	1.0434782608695652	1.0434782608695652	0.8695652173913043	1.0434782608695652	1.5	0.5	1.5	0.5	2.5454545454545454	0.36363636363636365	0.36363636363636365	0.7272727272727273	0.8	1.2	0.9090909090909091	1.0909090909090908	0.7058823529411765	0.47058823529411764	1.6470588235294117	1.1764705882352942	2.0	0.0	1.4285714285714286	0.5714285714285714	1.032258064516129	0.5161290322580645	0.5161290322580645	0.7741935483870968	1.8	0.4	1.0	0.8	1.0909090909090908	0.7272727272727273	2.1818181818181817	0.0	0.6666666666666666	1.3333333333333333	1.1764705882352942	0.8235294117647058	2.2222222222222223	0.8888888888888888	0.4444444444444444	0.4444444444444444	0.0	1.0
1	nad9	YP_009295488.1	Saccharum officinarum	Eukaryota, Viridiplantae, Streptophyta, Embryophyta, Tracheophyta, Spermatophyta, Magnoliopsida, Liliopsida, Poales, Poaceae, PACMAD clade, Panicoideae, Andropogonodae, Andropogoneae, Saccharinae, Saccharum, Saccharum officinarum complex	1	1.6	0.4	2.6666666666666665	1.3333333333333333	2.0	0.6666666666666666	1.0	0.6666666666666666	1.7777777777777777	0.2222222222222222	0.0	2.0	0.0	2.0	0.0	0.0	0.6666666666666666	1.3333333333333333	0.6153846153846154	0.9230769230769231	1.8461538461538463	0.6153846153846154	2.0	0.0	1.6	0.4	1.0666666666666667	1.0666666666666667	1.3333333333333333	0.5333333333333333	1.4285714285714286	0.5714285714285714	0.6666666666666666	1.3333333333333333	1.3333333333333333	1.3333333333333333	1.3333333333333333	0.0	1.3333333333333333	0.6666666666666666	1.7777777777777777	0.2222222222222222	2.0	0.3333333333333333	1.0	0.3333333333333333	1.25	0.5	1.5	0.75	1.3333333333333333	1.3333333333333333	0.0	1.3333333333333333	1.3846153846153846	0.6153846153846154	1.2307692307692308	0.7692307692307693	1.5	0.5	1.5	0.5	1.0	0.0
2	rps2	YP_009295489.1	Saccharum officinarum	Eukaryota, Viridiplantae, Streptophyta, Embryophyta, Tracheophyta, Spermatophyta, Magnoliopsida, Liliopsida, Poales, Poaceae, PACMAD clade, Panicoideae, Andropogonodae, Andropogoneae, Saccharinae, Saccharum, Saccharum officinarum complex	1	1.0526315789473684	0.9473684210526315	1.625	1.0	1.543859649122807	1.543859649122807	1.1228070175438596	0.5614035087719298	1.6	0.4	1.75	0.25	0.25	1.75	1.25	0.5	0.75	0.875	1.641025641025641	0.717948717948718	1.2307692307692308	0.41025641025641024	1.5	0.5	1.7	0.3	1.75	0.0	1.25	1.0	0.9629629629629629	1.037037037037037	1.0476190476190477	0.9523809523809523	1.12	0.64	0.96	1.28	1.4482758620689655	0.5517241379310345	1.103448275862069	0.896551724137931	0.7017543859649122	0.8421052631578947	1.263157894736842	0.42105263157894735	1.103448275862069	0.9655172413793104	1.103448275862069	0.8275862068965517	1.75	0.5	1.25	0.5	1.7391304347826086	0.2608695652173913	0.7272727272727273	1.2727272727272727	1.032258064516129	0.7741935483870968	0.6451612903225806	1.5483870967741935	0.0	0.0
3	atp8	YP_009295493.1	Saccharum officinarum	Eukaryota, Viridiplantae, Streptophyta, Embryophyta, Tracheophyta, Spermatophyta, Magnoliopsida, Liliopsida, Poales, Poaceae, PACMAD clade, Panicoideae, Andropogonodae, Andropogoneae, Saccharinae, Saccharum, Saccharum officinarum complex	1	1.1111111111111112	0.8888888888888888	0.6	1.2	0.3076923076923077	1.5384615384615385	1.5384615384615385	0.9230769230769231	1.7142857142857142	0.2857142857142857	1.3333333333333333	0.6666666666666666	0.0	2.0	1.2	1.8	0.6	0.6	2.6666666666666665	0.0	1.3333333333333333	0.0	0.6666666666666666	1.3333333333333333	1.6666666666666667	0.3333333333333333	0.0	0.0	0.8	3.2	0.7272727272727273	1.2727272727272727	1.0	1.0	2.5	1.0	0.5	0.0	1.1111111111111112	0.8888888888888888	1.0909090909090908	0.9090909090909091	0.9230769230769231	1.2307692307692308	0.9230769230769231	0.6153846153846154	1.3333333333333333	1.3333333333333333	1.3333333333333333	0.0	0.0	0.0	0.0	0.0	1.2	0.8	1.5	0.5	0.7272727272727273	0.36363636363636365	2.1818181818181817	0.7272727272727273	1.0	0.0
4	cox1	YP_009295494.1	Saccharum officinarum	Eukaryota, Viridiplantae, Streptophyta, Embryophyta, Tracheophyta, Spermatophyta, Magnoliopsida, Liliopsida, Poales, Poaceae, PACMAD clade, Panicoideae, Andropogonodae, Andropogoneae, Saccharinae, Saccharum, Saccharum officinarum complex	1	1.1428571428571428	0.8571428571428571	2.1	0.5	0.8421052631578947	1.0526315789473684	1.6842105263157894	0.631578947368421	1.4444444444444444	0.5555555555555556	1.0	1.0	0.0	2.0	1.1	0.6	1.0	0.7	0.9655172413793104	0.6896551724137931	1.6551724137931034	0.6896551724137931	1.7647058823529411	0.23529411764705882	1.5555555555555556	0.4444444444444444	2.0	0.3333333333333333	1.3333333333333333	0.3333333333333333	1.0	1.0	0.8333333333333334	1.1666666666666667	1.7894736842105263	1.0526315789473684	0.8421052631578947	0.3157894736842105	1.375	0.625	1.5555555555555556	0.4444444444444444	1.894736842105263	1.263157894736842	0.631578947368421	0.0	1.7435897435897436	0.41025641025641024	0.9230769230769231	0.9230769230769231	1.3333333333333333	1.0	1.4444444444444444	0.2222222222222222	1.3846153846153846	0.6153846153846154	1.6	0.4	1.1636363636363636	0.509090909090909	1.3818181818181818	0.9454545454545454	1.0	0.0
5	cox2	YP_009295495.1	Saccharum officinarum	Eukaryota, Viridiplantae, Streptophyta, Embryophyta, Tracheophyta, Spermatophyta, Magnoliopsida, Liliopsida, Poales, Poaceae, PACMAD clade, Panicoideae, Andropogonodae, Andropogoneae, Saccharinae, Saccharum, Saccharum officinarum complex	1	0.9090909090909091	1.0909090909090908	2.25	1.25	0.36363636363636365	1.4545454545454546	2.5454545454545454	1.0909090909090908	1.5555555555555556	0.4444444444444444	1.6	0.4	0.0	2.0	0.75	1.0	0.25	0.5	1.5	0.25	2.0	0.25	1.75	0.25	1.6666666666666667	0.3333333333333333	1.6	0.4	0.8	1.2	1.25	0.75	0.2857142857142857	1.7142857142857142	2.1176470588235294	0.7058823529411765	0.7058823529411765	0.47058823529411764	1.25	0.75	2.0	0.0	1.8181818181818181	0.0	0.36363636363636365	0.36363636363636365	1.0909090909090908	0.5454545454545454	2.0	0.36363636363636365	2.1176470588235294	0.7058823529411765	0.7058823529411765	0.47058823529411764	1.25	0.75	1.5	0.5	1.4545454545454546	0.0	2.1818181818181817	0.36363636363636365	1.0	0.0
6	nad2	YP_009295500.1	Saccharum officinarum	Eukaryota, Viridiplantae, Streptophyta, Embryophyta, Tracheophyta, Spermatophyta, Magnoliopsida, Liliopsida, Poales, Poaceae, PACMAD clade, Panicoideae, Andropogonodae, Andropogoneae, Saccharinae, Saccharum, Saccharum officinarum complex	1	1.1578947368421053	0.8421052631578947	2.4375	0.75	1.6842105263157894	0.8421052631578947	0.8421052631578947	0.42105263157894735	2.0	0.0	1.3333333333333333	0.6666666666666666	0.0	2.0	1.3125	0.75	0.5625	0.1875	1.0	0.5	1.5	1.0	2.0	0.0	2.0	0.0	0.0	4.0	0.0	0.0	1.2	0.8	0.5714285714285714	1.4285714285714286	0.8888888888888888	1.7777777777777777	0.4444444444444444	0.8888888888888888	1.6666666666666667	0.3333333333333333	1.3333333333333333	0.6666666666666666	2.526315789473684	0.0	0.42105263157894735	1.263157894736842	2.0	0.0	1.0	1.0	1.3333333333333333	1.0666666666666667	1.3333333333333333	0.26666666666666666	1.6666666666666667	0.3333333333333333	1.1428571428571428	0.8571428571428571	1.5	1.0	1.5	0.0	0.0	0.0
7	atp8	YP_009295505.1	Saccharum officinarum	Eukaryota, Viridiplantae, Streptophyta, Embryophyta, Tracheophyta, Spermatophyta, Magnoliopsida, Liliopsida, Poales, Poaceae, PACMAD clade, Panicoideae, Andropogonodae, Andropogoneae, Saccharinae, Saccharum, Saccharum officinarum complex	1	1.1111111111111112	0.8888888888888888	0.6	1.2	0.3076923076923077	1.5384615384615385	1.5384615384615385	0.9230769230769231	1.7142857142857142	0.2857142857142857	1.3333333333333333	0.6666666666666666	0.0	2.0	1.2	1.8	0.6	0.6	2.6666666666666665	0.0	1.3333333333333333	0.0	0.6666666666666666	1.3333333333333333	1.6666666666666667	0.3333333333333333	0.0	0.0	0.8	3.2	0.7272727272727273	1.2727272727272727	1.0	1.0	2.5	1.0	0.5	0.0	1.1111111111111112	0.8888888888888888	1.0909090909090908	0.9090909090909091	0.9230769230769231	1.2307692307692308	0.9230769230769231	0.6153846153846154	1.3333333333333333	1.3333333333333333	1.3333333333333333	0.0	0.0	0.0	0.0	0.0	1.2	0.8	1.5	0.5	0.7272727272727273	0.36363636363636365	2.1818181818181817	0.7272727272727273	1.0	0.0
