	GenName	ProteinID	OrganismName	Taxonomy	Strand	TTT	TTC	TTA	TTG	TCT	TCC	TCA	TCG	TAT	TAC	TGT	TGC	TGA	TGG	CTT	CTC	CTA	CTG	CCT	CCC	CCA	CCG	CAT	CAC	CAA	CAG	CGT	CGC	CGA	CGG	ATT	ATC	ATA	ATG	ACT	ACC	ACA	ACG	AAT	AAC	AAA	AAG	AGT	AGC	GTT	GTC	GTA	GTG	GCT	GCC	GCA	GCG	GAT	GAC	GAA	GAG	GGT	GGC	GGA	GGG	TAA	TAG	AGA	AGG
0	ND1	YP_001382233.1	Calotes versicolor	Eukaryota, Metazoa, Chordata, Craniata, Vertebrata, Euteleostomi, Lepidosauria, Squamata, Bifurcata, Unidentata, Episquamata, Toxicofera, Iguania, Acrodonta, Agamidae, Draconinae, Calotes	1	1.1818181818181819	0.8181818181818182	1.7307692307692308	0.11538461538461539	0.2727272727272727	1.9090909090909092	3.272727272727273	0.0	0.4	1.6	0.0	2.0	2.0	0.0	0.8076923076923077	0.5769230769230769	2.6538461538461537	0.11538461538461539	0.0	0.8421052631578947	2.9473684210526314	0.21052631578947367	0.0	2.0	2.0	0.0	0.0	1.1428571428571428	2.857142857142857	0.0	1.2222222222222223	0.7777777777777778	1.5	0.5	0.5882352941176471	1.411764705882353	1.8823529411764706	0.11764705882352941	0.7142857142857143	1.2857142857142858	2.0	0.0	0.0	0.5454545454545454	0.8	0.8	2.1333333333333333	0.26666666666666666	0.6153846153846154	1.6923076923076923	1.3846153846153846	0.3076923076923077	0.4	1.6	1.6	0.4	0.2857142857142857	0.5714285714285714	1.4285714285714286	1.7142857142857142	0.0	0.0	1.0	0.0
1	ND2	YP_001382234.1	Calotes versicolor	Eukaryota, Metazoa, Chordata, Craniata, Vertebrata, Euteleostomi, Lepidosauria, Squamata, Bifurcata, Unidentata, Episquamata, Toxicofera, Iguania, Acrodonta, Agamidae, Draconinae, Calotes	1	1.0	1.0	1.5	0.0	0.20689655172413793	0.6206896551724138	3.9310344827586206	0.0	0.0	2.0	0.0	2.0	1.6	0.4	1.4	0.5	2.0	0.6	0.2222222222222222	0.8888888888888888	2.888888888888889	0.0	0.6666666666666666	1.3333333333333333	2.0	0.0	0.0	1.0	1.0	2.0	1.0	1.0	1.6923076923076923	0.3076923076923077	0.4666666666666667	1.7333333333333334	1.5333333333333334	0.26666666666666666	1.0	1.0	1.7142857142857142	0.2857142857142857	0.20689655172413793	1.0344827586206897	0.0	1.0	2.0	1.0	0.7142857142857143	1.5714285714285714	1.5714285714285714	0.14285714285714285	0.0	2.0	1.2	0.8	0.6153846153846154	1.8461538461538463	0.9230769230769231	0.6153846153846154	1.0	0.0	0.0	0.0
2	COX1	YP_001382235.1	Calotes versicolor	Eukaryota, Metazoa, Chordata, Craniata, Vertebrata, Euteleostomi, Lepidosauria, Squamata, Bifurcata, Unidentata, Episquamata, Toxicofera, Iguania, Acrodonta, Agamidae, Draconinae, Calotes	1	1.0232558139534884	0.9767441860465116	1.4754098360655739	0.19672131147540983	0.3157894736842105	1.263157894736842	3.0	0.3157894736842105	0.9411764705882353	1.0588235294117647	0.0	2.0	1.6666666666666667	0.3333333333333333	1.6721311475409837	0.5901639344262295	1.5737704918032787	0.4918032786885246	0.5333333333333333	1.2	2.0	0.26666666666666666	0.5263157894736842	1.4736842105263157	1.75	0.25	0.4444444444444444	1.3333333333333333	2.2222222222222223	0.0	1.2105263157894737	0.7894736842105263	1.411764705882353	0.5882352941176471	0.9523809523809523	0.9523809523809523	1.8095238095238095	0.2857142857142857	0.5882352941176471	1.411764705882353	1.8	0.2	0.15789473684210525	0.9473684210526315	1.4285714285714286	0.5714285714285714	1.8571428571428572	0.14285714285714285	0.8648648648648649	1.1891891891891893	1.7297297297297298	0.21621621621621623	0.6666666666666666	1.3333333333333333	1.25	0.75	0.18604651162790697	1.0232558139534884	1.6744186046511629	1.1162790697674418	1.0	0.0	0.0	0.0
3	COX2	YP_001382236.1	Calotes versicolor	Eukaryota, Metazoa, Chordata, Craniata, Vertebrata, Euteleostomi, Lepidosauria, Squamata, Bifurcata, Unidentata, Episquamata, Toxicofera, Iguania, Acrodonta, Agamidae, Draconinae, Calotes	1	1.6	0.4	1.2	0.2	0.7058823529411765	2.1176470588235294	1.7647058823529411	0.7058823529411765	0.0	2.0	0.6666666666666666	1.3333333333333333	2.0	0.0	1.4	0.4	2.4	0.4	1.1428571428571428	1.1428571428571428	1.7142857142857142	0.0	0.0	2.0	1.6666666666666667	0.3333333333333333	1.1428571428571428	1.1428571428571428	1.7142857142857142	0.0	1.0769230769230769	0.9230769230769231	1.3846153846153846	0.6153846153846154	0.6896551724137931	1.3793103448275863	1.9310344827586208	0.0	0.75	1.25	2.0	0.0	0.35294117647058826	0.35294117647058826	0.3333333333333333	1.3333333333333333	1.6666666666666667	0.6666666666666666	0.5	2.5	1.0	0.0	0.4	1.6	1.5384615384615385	0.46153846153846156	1.0	0.5	1.5	1.0	1.0	0.0	0.0	0.0
4	ATP8	YP_001382237.1	Calotes versicolor	Eukaryota, Metazoa, Chordata, Craniata, Vertebrata, Euteleostomi, Lepidosauria, Squamata, Bifurcata, Unidentata, Episquamata, Toxicofera, Iguania, Acrodonta, Agamidae, Draconinae, Calotes	1	1.0	1.0	1.0	1.0	0.0	2.0	2.0	0.0	0.0	2.0	0.0	0.0	1.3333333333333333	0.6666666666666666	1.0	1.0	2.0	0.0	0.0	1.6	2.4	0.0	0.0	0.0	2.0	0.0	0.0	0.0	0.0	0.0	1.0	1.0	0.6666666666666666	1.3333333333333333	0.6153846153846154	1.2307692307692308	2.1538461538461537	0.0	0.5	1.5	1.0	1.0	2.0	0.0	0.0	0.0	0.0	4.0	0.0	4.0	0.0	0.0	0.0	0.0	0.0	0.0	0.0	0.0	0.0	0.0	1.0	0.0	0.0	0.0
5	ATP6	YP_001382238.1	Calotes versicolor	Eukaryota, Metazoa, Chordata, Craniata, Vertebrata, Euteleostomi, Lepidosauria, Squamata, Bifurcata, Unidentata, Episquamata, Toxicofera, Iguania, Acrodonta, Agamidae, Draconinae, Calotes	1	1.5	0.5	0.9795918367346939	0.24489795918367346	0.0	2.0	1.3333333333333333	0.0	0.0	2.0	0.0	0.0	1.3333333333333333	0.6666666666666666	0.8571428571428571	0.6122448979591837	2.938775510204082	0.3673469387755102	0.2857142857142857	0.5714285714285714	2.857142857142857	0.2857142857142857	0.3333333333333333	1.6666666666666667	2.0	0.0	0.0	2.4	1.6	0.0	1.4285714285714286	0.5714285714285714	1.6666666666666667	0.3333333333333333	0.8235294117647058	1.5294117647058822	1.5294117647058822	0.11764705882352941	1.3333333333333333	0.6666666666666666	1.3333333333333333	0.6666666666666666	0.0	2.6666666666666665	0.8	2.0	0.8	0.4	0.38095238095238093	1.5238095238095237	2.0952380952380953	0.0	1.0	1.0	2.0	0.0	0.8	0.8	2.4	0.0	0.0	0.0	0.0	0.0
6	COX3	YP_001382239.1	Calotes versicolor	Eukaryota, Metazoa, Chordata, Craniata, Vertebrata, Euteleostomi, Lepidosauria, Squamata, Bifurcata, Unidentata, Episquamata, Toxicofera, Iguania, Acrodonta, Agamidae, Draconinae, Calotes	1	1.0	1.0	0.8571428571428571	0.17142857142857143	1.0	1.6666666666666667	2.0	0.3333333333333333	0.8888888888888888	1.1111111111111112	0.0	2.0	1.8333333333333333	0.16666666666666666	0.6857142857142857	1.3714285714285714	2.742857142857143	0.17142857142857143	0.0	1.0909090909090908	2.5454545454545454	0.36363636363636365	0.375	1.625	1.6666666666666667	0.3333333333333333	0.8	0.8	2.4	0.0	1.1428571428571428	0.8571428571428571	1.8461538461538463	0.15384615384615385	0.5454545454545454	1.6363636363636365	1.6363636363636365	0.18181818181818182	0.0	2.0	1.4285714285714286	0.5714285714285714	0.3333333333333333	0.6666666666666666	1.0	1.0	1.75	0.25	0.8	2.4	0.8	0.0	0.0	2.0	1.4285714285714286	0.5714285714285714	0.0	1.894736842105263	1.6842105263157894	0.42105263157894735	0.0	0.0	0.0	0.0
7	ND3	YP_001382240.1	Calotes versicolor	Eukaryota, Metazoa, Chordata, Craniata, Vertebrata, Euteleostomi, Lepidosauria, Squamata, Bifurcata, Unidentata, Episquamata, Toxicofera, Iguania, Acrodonta, Agamidae, Draconinae, Calotes	1	1.7777777777777777	0.2222222222222222	0.5	0.25	0.0	2.4	3.6	0.0	0.0	2.0	0.0	2.0	2.0	0.0	1.25	0.25	2.25	1.5	0.3333333333333333	0.6666666666666666	2.3333333333333335	0.6666666666666666	0.0	0.0	1.3333333333333333	0.6666666666666666	0.0	0.0	4.0	0.0	0.8571428571428571	1.1428571428571428	2.0	0.0	0.9230769230769231	1.2307692307692308	1.5384615384615385	0.3076923076923077	1.0	1.0	2.0	0.0	0.0	0.0	2.0	0.0	1.0	1.0	0.0	2.0	2.0	0.0	1.0	1.0	1.6	0.4	0.0	1.0	1.0	2.0	0.0	0.0	0.0	0.0
8	ND4L	YP_001382241.1	Calotes versicolor	Eukaryota, Metazoa, Chordata, Craniata, Vertebrata, Euteleostomi, Lepidosauria, Squamata, Bifurcata, Unidentata, Episquamata, Toxicofera, Iguania, Acrodonta, Agamidae, Draconinae, Calotes	1	1.3333333333333333	0.6666666666666666	1.7142857142857142	0.2857142857142857	1.6363636363636365	2.1818181818181817	0.5454545454545454	0.0	0.0	0.0	1.3333333333333333	0.6666666666666666	0.0	0.0	0.5714285714285714	0.8571428571428571	2.5714285714285716	0.0	2.0	2.0	0.0	0.0	0.0	2.0	2.0	0.0	0.0	0.0	0.0	0.0	2.0	0.0	1.6	0.4	0.0	1.25	2.5	0.25	0.75	1.25	2.0	0.0	0.5454545454545454	1.0909090909090908	1.0	2.0	1.0	0.0	0.0	2.0	2.0	0.0	2.0	0.0	2.0	0.0	0.0	2.0	2.0	0.0	1.0	0.0	0.0	0.0
9	ND4	YP_001382242.1	Calotes versicolor	Eukaryota, Metazoa, Chordata, Craniata, Vertebrata, Euteleostomi, Lepidosauria, Squamata, Bifurcata, Unidentata, Episquamata, Toxicofera, Iguania, Acrodonta, Agamidae, Draconinae, Calotes	1	1.3846153846153846	0.6153846153846154	1.0344827586206897	0.13793103448275862	0.7272727272727273	0.5454545454545454	3.272727272727273	0.18181818181818182	0.8235294117647058	1.1764705882352942	0.6666666666666666	1.3333333333333333	1.3333333333333333	0.6666666666666666	1.1724137931034482	0.896551724137931	2.413793103448276	0.3448275862068966	0.14285714285714285	1.0	2.5714285714285716	0.2857142857142857	0.4444444444444444	1.5555555555555556	1.8571428571428572	0.14285714285714285	0.4	1.2	2.4	0.0	1.3658536585365855	0.6341463414634146	1.5	0.5	0.9777777777777777	1.3333333333333333	1.6888888888888889	0.0	0.47619047619047616	1.5238095238095237	1.5	0.5	0.36363636363636365	0.9090909090909091	1.1764705882352942	1.6470588235294117	0.47058823529411764	0.7058823529411765	0.41379310344827586	2.6206896551724137	0.9655172413793104	0.0	0.5	1.5	1.7777777777777777	0.2222222222222222	0.9411764705882353	1.1764705882352942	1.411764705882353	0.47058823529411764	0.0	0.0	1.0	0.0
10	ND5	YP_001382243.1	Calotes versicolor	Eukaryota, Metazoa, Chordata, Craniata, Vertebrata, Euteleostomi, Lepidosauria, Squamata, Bifurcata, Unidentata, Episquamata, Toxicofera, Iguania, Acrodonta, Agamidae, Draconinae, Calotes	1	0.8695652173913043	1.1304347826086956	1.263157894736842	0.12631578947368421	0.7924528301886793	1.5849056603773586	2.830188679245283	0.22641509433962265	0.3333333333333333	1.6666666666666667	1.3333333333333333	0.6666666666666666	1.5555555555555556	0.4444444444444444	1.3263157894736841	0.8842105263157894	2.1473684210526316	0.25263157894736843	0.8333333333333334	0.5	2.3333333333333335	0.3333333333333333	0.3076923076923077	1.6923076923076923	1.75	0.25	1.5	1.0	1.5	0.0	1.32	0.68	1.8285714285714285	0.17142857142857143	0.4444444444444444	1.4666666666666666	2.0	0.08888888888888889	0.5806451612903226	1.4193548387096775	1.7857142857142858	0.21428571428571427	0.33962264150943394	0.22641509433962265	0.6153846153846154	0.9230769230769231	1.5384615384615385	0.9230769230769231	0.5217391304347826	2.0869565217391304	1.2173913043478262	0.17391304347826086	0.5454545454545454	1.4545454545454546	1.6363636363636365	0.36363636363636365	0.5217391304347826	2.0869565217391304	1.0434782608695652	0.34782608695652173	1.0	0.0	0.0	0.0
11	CYTB	YP_001382245.1	Calotes versicolor	Eukaryota, Metazoa, Chordata, Craniata, Vertebrata, Euteleostomi, Lepidosauria, Squamata, Bifurcata, Unidentata, Episquamata, Toxicofera, Iguania, Acrodonta, Agamidae, Draconinae, Calotes	1	0.8695652173913043	1.1304347826086956	1.5	0.0	0.8571428571428571	1.2857142857142858	3.2142857142857144	0.0	0.625	1.375	0.0	0.0	1.8181818181818181	0.18181818181818182	1.1785714285714286	0.9642857142857143	1.8214285714285714	0.5357142857142857	0.18181818181818182	1.6363636363636365	2.0	0.18181818181818182	0.6153846153846154	1.3846153846153846	2.0	0.0	0.0	0.6666666666666666	3.3333333333333335	0.0	1.2105263157894737	0.7894736842105263	1.5	0.5	0.5263157894736842	1.368421052631579	1.894736842105263	0.21052631578947367	0.1	1.9	2.0	0.0	0.21428571428571427	0.42857142857142855	0.8571428571428571	1.1428571428571428	1.7142857142857142	0.2857142857142857	0.5454545454545454	2.1818181818181817	0.9090909090909091	0.36363636363636365	0.0	2.0	1.75	0.25	0.34782608695652173	1.7391304347826086	1.2173913043478262	0.6956521739130435	1.0	0.0	0.0	0.0
