	GenName	ProteinID	OrganismName	Taxonomy	Strand	TTT	TTC	TTA	TTG	TCT	TCC	TCA	TCG	TAT	TAC	TGT	TGC	TGA	TGG	CTT	CTC	CTA	CTG	CCT	CCC	CCA	CCG	CAT	CAC	CAA	CAG	CGT	CGC	CGA	CGG	ATT	ATC	ATA	ATG	ACT	ACC	ACA	ACG	AAT	AAC	AAA	AAG	AGT	AGC	GTT	GTC	GTA	GTG	GCT	GCC	GCA	GCG	GAT	GAC	GAA	GAG	GGT	GGC	GGA	GGG	TAA	TAG	AGA	AGG
0	ND1	YP_007316896.1	Papio cynocephalus	Eukaryota, Metazoa, Chordata, Craniata, Vertebrata, Euteleostomi, Mammalia, Eutheria, Euarchontoglires, Primates, Haplorrhini, Catarrhini, Cercopithecidae, Cercopithecinae, Papio	1	0.8	1.2	0.2	0.0	0.41379310344827586	1.8620689655172413	2.4827586206896552	0.0	0.5454545454545454	1.4545454545454546	0.0	0.0	1.7777777777777777	0.2222222222222222	0.6	1.8	3.2	0.2	0.9523809523809523	1.9047619047619047	0.7619047619047619	0.38095238095238093	0.0	2.0	2.0	0.0	0.0	1.1428571428571428	2.857142857142857	0.0	0.6666666666666666	1.3333333333333333	1.5789473684210527	0.42105263157894735	0.375	1.375	2.25	0.0	0.15384615384615385	1.8461538461538463	1.7142857142857142	0.2857142857142857	0.6206896551724138	0.6206896551724138	1.3333333333333333	1.3333333333333333	1.3333333333333333	0.0	0.48	1.92	1.28	0.32	1.3333333333333333	0.6666666666666666	2.0	0.0	0.3333333333333333	1.6666666666666667	1.6666666666666667	0.3333333333333333	0.0	0.0	0.0	0.0
1	ND2	YP_007316897.2	Papio cynocephalus	Eukaryota, Metazoa, Chordata, Craniata, Vertebrata, Euteleostomi, Mammalia, Eutheria, Euarchontoglires, Primates, Haplorrhini, Catarrhini, Cercopithecidae, Cercopithecinae, Papio	1	0.5454545454545454	1.4545454545454546	0.8852459016393442	0.0	1.1538461538461537	2.3076923076923075	1.8461538461538463	0.0	0.7272727272727273	1.2727272727272727	0.0	0.0	1.6	0.4	0.29508196721311475	1.7704918032786885	2.7540983606557377	0.29508196721311475	0.5714285714285714	1.5238095238095237	1.9047619047619047	0.0	0.0	2.0	1.8	0.2	0.0	4.0	0.0	0.0	0.5142857142857142	1.4857142857142858	1.9047619047619047	0.09523809523809523	0.5806451612903226	1.4838709677419355	1.6774193548387097	0.25806451612903225	0.47619047619047616	1.5238095238095237	1.6	0.4	0.0	0.6923076923076923	1.0	1.0	2.0	0.0	1.0	1.25	1.75	0.0	0.0	0.0	2.0	0.0	0.5714285714285714	1.7142857142857142	1.1428571428571428	0.5714285714285714	0.0	0.0	0.0	0.0
2	COX1	YP_007316898.1	Papio cynocephalus	Eukaryota, Metazoa, Chordata, Craniata, Vertebrata, Euteleostomi, Mammalia, Eutheria, Euarchontoglires, Primates, Haplorrhini, Catarrhini, Cercopithecidae, Cercopithecinae, Papio	1	0.926829268292683	1.0731707317073171	0.9523809523809523	0.09523809523809523	0.8333333333333334	2.1666666666666665	1.8333333333333333	0.16666666666666666	0.8888888888888888	1.1111111111111112	0.0	2.0	1.625	0.375	0.47619047619047616	0.9523809523809523	2.761904761904762	0.7619047619047619	1.6	1.6	0.6666666666666666	0.13333333333333333	0.38095238095238093	1.619047619047619	1.6666666666666667	0.3333333333333333	0.8888888888888888	1.3333333333333333	1.7777777777777777	0.0	1.0454545454545454	0.9545454545454546	1.4	0.6	0.8648648648648649	1.1891891891891893	1.7297297297297298	0.21621621621621623	0.7777777777777778	1.2222222222222223	2.0	0.0	0.5	0.5	0.9333333333333333	1.3333333333333333	1.3333333333333333	0.4	0.5405405405405406	2.27027027027027	0.972972972972973	0.21621621621621623	0.5714285714285714	1.4285714285714286	1.8	0.2	0.8163265306122449	1.3061224489795917	0.8979591836734694	0.9795918367346939	1.0	0.0	0.0	0.0
3	COX2	YP_007316899.1	Papio cynocephalus	Eukaryota, Metazoa, Chordata, Craniata, Vertebrata, Euteleostomi, Mammalia, Eutheria, Euarchontoglires, Primates, Haplorrhini, Catarrhini, Cercopithecidae, Cercopithecinae, Papio	1	1.4	0.6	1.5483870967741935	0.0	1.0	2.0	2.0	0.0	0.6666666666666666	1.3333333333333333	0.0	2.0	2.0	0.0	0.5806451612903226	0.5806451612903226	2.7096774193548385	0.5806451612903226	0.75	1.25	2.0	0.0	0.8	1.2	2.0	0.0	0.6666666666666666	1.3333333333333333	2.0	0.0	0.5714285714285714	1.4285714285714286	1.6363636363636365	0.36363636363636365	0.9090909090909091	0.9090909090909091	2.0	0.18181818181818182	0.4444444444444444	1.5555555555555556	2.0	0.0	0.0	1.0	0.6153846153846154	1.5384615384615385	0.6153846153846154	1.2307692307692308	0.3076923076923077	2.4615384615384617	0.9230769230769231	0.3076923076923077	0.4444444444444444	1.5555555555555556	1.6363636363636365	0.36363636363636365	0.36363636363636365	1.8181818181818181	1.4545454545454546	0.36363636363636365	1.0	0.0	0.0	0.0
4	ATP8	YP_007316900.1	Papio cynocephalus	Eukaryota, Metazoa, Chordata, Craniata, Vertebrata, Euteleostomi, Mammalia, Eutheria, Euarchontoglires, Primates, Haplorrhini, Catarrhini, Cercopithecidae, Cercopithecinae, Papio	1	0.0	2.0	1.8	0.0	2.0	4.0	0.0	0.0	0.5	1.5	2.0	0.0	2.0	0.0	1.2	0.6	1.2	1.2	1.0	2.5	0.5	0.0	1.0	1.0	1.4285714285714286	0.5714285714285714	0.0	0.0	0.0	4.0	0.6666666666666666	1.3333333333333333	1.5	0.5	0.4444444444444444	0.8888888888888888	2.2222222222222223	0.4444444444444444	0.0	2.0	2.0	0.0	0.0	0.0	0.0	0.0	0.0	0.0	0.0	2.0	2.0	0.0	0.0	2.0	0.0	0.0	0.0	0.0	0.0	0.0	0.0	1.0	0.0	0.0
5	ATP6	YP_007316901.1	Papio cynocephalus	Eukaryota, Metazoa, Chordata, Craniata, Vertebrata, Euteleostomi, Mammalia, Eutheria, Euarchontoglires, Primates, Haplorrhini, Catarrhini, Cercopithecidae, Cercopithecinae, Papio	1	1.1428571428571428	0.8571428571428571	0.5217391304347826	0.13043478260869565	1.8461538461538463	1.8461538461538463	1.8461538461538463	0.0	0.0	2.0	0.0	0.0	1.0	1.0	0.5217391304347826	1.173913043478261	3.130434782608696	0.5217391304347826	0.2857142857142857	2.0	1.4285714285714286	0.2857142857142857	0.2857142857142857	1.7142857142857142	1.6	0.4	0.0	2.0	2.0	0.0	0.45454545454545453	1.5454545454545454	1.6	0.4	0.75	1.875	1.125	0.25	0.13333333333333333	1.8666666666666667	2.0	0.0	0.0	0.46153846153846156	1.1428571428571428	1.1428571428571428	1.7142857142857142	0.0	0.8	2.4	0.8	0.0	0.0	0.0	1.3333333333333333	0.6666666666666666	1.0	1.0	1.5	0.5	1.0	0.0	0.0	0.0
6	COX3	YP_007316902.1	Papio cynocephalus	Eukaryota, Metazoa, Chordata, Craniata, Vertebrata, Euteleostomi, Mammalia, Eutheria, Euarchontoglires, Primates, Haplorrhini, Catarrhini, Cercopithecidae, Cercopithecinae, Papio	1	0.8695652173913043	1.1304347826086956	1.1666666666666667	0.0	0.631578947368421	1.5789473684210527	1.5789473684210527	0.3157894736842105	0.7692307692307693	1.2307692307692308	1.0	1.0	1.6666666666666667	0.3333333333333333	1.0	1.0	2.1666666666666665	0.6666666666666666	0.6153846153846154	1.8461538461538463	1.5384615384615385	0.0	0.25	1.75	2.0	0.0	0.6666666666666666	1.3333333333333333	2.0	0.0	1.1	0.9	1.6666666666666667	0.3333333333333333	0.0	1.6923076923076923	2.1538461538461537	0.15384615384615385	0.8	1.2	2.0	0.0	0.3157894736842105	1.5789473684210527	0.6666666666666666	2.0	1.3333333333333333	0.0	0.8	2.4	0.8	0.0	1.0	1.0	1.6666666666666667	0.3333333333333333	0.6666666666666666	1.5555555555555556	1.3333333333333333	0.4444444444444444	0.0	0.0	0.0	0.0
7	ND3	YP_007316903.1	Papio cynocephalus	Eukaryota, Metazoa, Chordata, Craniata, Vertebrata, Euteleostomi, Mammalia, Eutheria, Euarchontoglires, Primates, Haplorrhini, Catarrhini, Cercopithecidae, Cercopithecinae, Papio	1	0.5714285714285714	1.4285714285714286	0.24	0.0	0.0	3.6	1.2	0.0	0.0	2.0	0.0	2.0	2.0	0.0	0.96	0.48	3.36	0.96	0.5714285714285714	1.7142857142857142	1.7142857142857142	0.0	0.0	0.0	2.0	0.0	0.0	4.0	0.0	0.0	0.7272727272727273	1.2727272727272727	2.0	0.0	1.4545454545454546	0.7272727272727273	1.8181818181818181	0.0	0.0	2.0	1.0	1.0	0.0	1.2	0.0	4.0	0.0	0.0	1.2	1.2	1.6	0.0	0.0	2.0	0.8	1.2	0.0	0.0	0.0	4.0	0.0	0.0	0.0	0.0
8	ND4L	YP_007316904.1	Papio cynocephalus	Eukaryota, Metazoa, Chordata, Craniata, Vertebrata, Euteleostomi, Mammalia, Eutheria, Euarchontoglires, Primates, Haplorrhini, Catarrhini, Cercopithecidae, Cercopithecinae, Papio	1	1.3333333333333333	0.6666666666666666	0.3333333333333333	0.0	0.6666666666666666	1.3333333333333333	2.6666666666666665	0.6666666666666666	1.0	1.0	0.6666666666666666	1.3333333333333333	0.0	0.0	0.3333333333333333	1.6666666666666667	2.0	1.6666666666666667	1.3333333333333333	2.6666666666666665	0.0	0.0	0.0	2.0	2.0	0.0	0.0	4.0	0.0	0.0	0.8333333333333334	1.1666666666666667	1.6363636363636365	0.36363636363636365	0.8	1.6	1.6	0.0	0.3333333333333333	1.6666666666666667	0.0	0.0	0.0	0.6666666666666666	1.3333333333333333	0.0	1.3333333333333333	1.3333333333333333	0.4	1.6	1.6	0.4	2.0	0.0	1.0	1.0	0.0	2.0	2.0	0.0	1.0	0.0	0.0	0.0
9	ND4	YP_007316905.1	Papio cynocephalus	Eukaryota, Metazoa, Chordata, Craniata, Vertebrata, Euteleostomi, Mammalia, Eutheria, Euarchontoglires, Primates, Haplorrhini, Catarrhini, Cercopithecidae, Cercopithecinae, Papio	1	0.9	1.1	0.6666666666666666	0.0	0.9473684210526315	2.0526315789473686	1.105263157894737	0.3157894736842105	0.5333333333333333	1.4666666666666666	0.0	2.0	1.8333333333333333	0.16666666666666666	0.9333333333333333	1.5333333333333334	2.6666666666666665	0.2	0.16666666666666666	2.5	1.3333333333333333	0.0	0.4	1.6	1.6	0.4	0.5	1.0	2.0	0.5	0.6111111111111112	1.3888888888888888	1.8125	0.1875	0.7457627118644068	1.3559322033898304	1.694915254237288	0.2033898305084746	0.4	1.6	1.6923076923076923	0.3076923076923077	0.0	1.5789473684210527	0.5	0.5	3.0	0.0	0.48	1.92	1.44	0.16	0.0	2.0	2.0	0.0	0.47058823529411764	1.8823529411764706	1.411764705882353	0.23529411764705882	0.0	0.0	0.0	0.0
10	ND5	YP_007316906.2	Papio cynocephalus	Eukaryota, Metazoa, Chordata, Craniata, Vertebrata, Euteleostomi, Mammalia, Eutheria, Euarchontoglires, Primates, Haplorrhini, Catarrhini, Cercopithecidae, Cercopithecinae, Papio	1	0.7027027027027027	1.2972972972972974	0.7959183673469388	0.0	0.8	1.4666666666666666	1.8666666666666667	0.0	0.5882352941176471	1.411764705882353	0.0	2.0	1.2307692307692308	0.7692307692307693	0.673469387755102	1.8979591836734695	2.326530612244898	0.30612244897959184	0.9696969696969697	1.0909090909090908	1.8181818181818181	0.12121212121212122	0.5333333333333333	1.4666666666666666	1.7	0.3	0.0	2.5	1.5	0.0	0.8363636363636363	1.1636363636363636	1.8	0.2	0.5454545454545454	1.8181818181818181	1.5151515151515151	0.12121212121212122	0.3125	1.6875	1.7142857142857142	0.2857142857142857	0.5333333333333333	1.3333333333333333	0.5714285714285714	0.5714285714285714	2.0	0.8571428571428571	0.5853658536585366	2.731707317073171	0.6829268292682927	0.0	0.16666666666666666	1.8333333333333333	2.0	0.0	0.34782608695652173	2.0869565217391304	1.0434782608695652	0.5217391304347826	1.0	0.0	0.0	0.0
11	CYTB	YP_007316908.1	Papio cynocephalus	Eukaryota, Metazoa, Chordata, Craniata, Vertebrata, Euteleostomi, Mammalia, Eutheria, Euarchontoglires, Primates, Haplorrhini, Catarrhini, Cercopithecidae, Cercopithecinae, Papio	1	0.36363636363636365	1.6363636363636365	0.6666666666666666	0.0	0.75	2.0	2.25	0.25	0.5714285714285714	1.4285714285714286	0.0	2.0	1.8333333333333333	0.16666666666666666	1.0476190476190477	1.3333333333333333	2.4761904761904763	0.47619047619047616	0.8888888888888888	0.7407407407407407	1.9259259259259258	0.4444444444444444	0.5454545454545454	1.4545454545454546	1.6	0.4	0.0	1.7142857142857142	2.2857142857142856	0.0	0.1935483870967742	1.8064516129032258	1.7777777777777777	0.2222222222222222	0.6060606060606061	1.9393939393939394	1.4545454545454546	0.0	0.7777777777777778	1.2222222222222223	1.8	0.2	0.0	0.75	0.47058823529411764	1.1764705882352942	2.1176470588235294	0.23529411764705882	0.16666666666666666	2.0	1.8333333333333333	0.0	0.18181818181818182	1.8181818181818181	1.3333333333333333	0.6666666666666666	0.18181818181818182	2.5454545454545454	1.0909090909090908	0.18181818181818182	0.0	0.0	0.0	0.0
