	GenName	ProteinID	OrganismName	Taxonomy	Strand	TTT	TTC	TTA	TTG	TCT	TCC	TCA	TCG	TAT	TAC	TGT	TGC	TGA	TGG	CTT	CTC	CTA	CTG	CCT	CCC	CCA	CCG	CAT	CAC	CAA	CAG	CGT	CGC	CGA	CGG	ATT	ATC	ATA	ATG	ACT	ACC	ACA	ACG	AAT	AAC	AAA	AAG	AGT	AGC	AGA	AGG	GTT	GTC	GTA	GTG	GCT	GCC	GCA	GCG	GAT	GAC	GAA	GAG	GGT	GGC	GGA	GGG	TAA	TAG
0	ND6	YP_232806.1	Tethya actinia	Eukaryota, Metazoa, Porifera, Demospongiae, Heteroscleromorpha, Tethyida, Tethyidae, Tethya	1	21	0	23	3	4	1	3	0	8	0	0	0	0	2	1	0	1	0	0	0	2	0	2	0	4	0	1	0	1	0	14	0	12	5	3	0	0	0	5	0	4	1	7	0	2	1	4	0	13	3	5	0	8	0	8	1	2	3	1	0	1	7	1	0
1	COX2	YP_232807.1	Tethya actinia	Eukaryota, Metazoa, Porifera, Demospongiae, Heteroscleromorpha, Tethyida, Tethyidae, Tethya	1	17	0	21	2	7	0	5	0	11	0	3	0	5	1	1	0	0	0	3	0	9	0	4	1	8	1	0	0	2	0	10	0	16	7	6	0	5	0	6	0	8	1	4	0	4	0	9	0	14	2	4	1	7	0	13	0	5	9	0	0	2	9	1	0
2	ATP8	YP_232808.1	Tethya actinia	Eukaryota, Metazoa, Porifera, Demospongiae, Heteroscleromorpha, Tethyida, Tethyidae, Tethya	1	3	0	14	3	0	0	3	0	2	0	1	0	0	2	0	0	0	0	0	0	2	0	0	0	3	2	1	0	0	0	1	1	4	1	0	0	2	0	3	0	3	2	2	0	0	1	4	0	4	1	1	0	2	0	2	0	4	2	0	0	4	0	1	0
3	ATP6	YP_232809.1	Tethya actinia	Eukaryota, Metazoa, Porifera, Demospongiae, Heteroscleromorpha, Tethyida, Tethyidae, Tethya	1	22	0	39	1	5	0	5	1	5	1	1	0	2	0	0	0	0	0	4	0	4	0	6	0	3	1	1	0	0	2	17	0	24	12	5	0	9	0	7	0	2	4	6	0	1	2	5	0	7	0	4	2	7	3	4	0	4	1	3	0	6	6	1	0
4	COX3	YP_232810.1	Tethya actinia	Eukaryota, Metazoa, Porifera, Demospongiae, Heteroscleromorpha, Tethyida, Tethyidae, Tethya	1	23	0	25	1	6	0	3	0	13	0	3	0	8	4	1	0	0	0	4	0	5	2	16	0	5	1	1	0	0	0	8	0	10	7	8	1	10	1	1	0	3	1	8	0	4	2	7	0	14	4	9	0	7	0	6	0	3	4	8	0	8	7	0	1
5	CYTB	YP_232811.1	Tethya actinia	Eukaryota, Metazoa, Porifera, Demospongiae, Heteroscleromorpha, Tethyida, Tethyidae, Tethya	1	32	0	47	0	10	1	5	1	22	0	3	0	6	3	3	0	3	0	5	0	10	3	10	0	4	1	2	0	3	0	18	0	28	7	5	0	4	1	17	0	8	4	8	0	6	0	11	1	17	6	12	1	7	0	12	0	5	2	3	0	8	16	1	0
6	ATP9	YP_232812.1	Tethya actinia	Eukaryota, Metazoa, Porifera, Demospongiae, Heteroscleromorpha, Tethyida, Tethyidae, Tethya	1	6	1	9	0	1	0	2	0	2	0	2	0	0	0	1	0	0	0	1	0	0	0	0	0	2	0	0	0	0	0	6	0	4	3	3	0	0	0	2	0	2	0	2	0	1	0	2	0	1	0	0	0	7	3	1	0	1	0	4	0	6	3	1	0
7	ND4	YP_232813.1	Tethya actinia	Eukaryota, Metazoa, Porifera, Demospongiae, Heteroscleromorpha, Tethyida, Tethyidae, Tethya	1	49	0	69	10	12	0	6	4	22	0	7	0	4	4	2	0	0	0	9	0	7	0	6	0	7	4	3	0	0	3	19	1	28	13	10	0	10	0	6	0	12	3	14	0	5	2	14	0	22	6	11	0	10	7	8	1	10	9	11	1	11	10	1	0
8	ND3	YP_232814.1	Tethya actinia	Eukaryota, Metazoa, Porifera, Demospongiae, Heteroscleromorpha, Tethyida, Tethyidae, Tethya	1	15	0	10	1	6	0	1	1	5	0	2	0	3	1	4	0	0	0	2	0	2	0	0	0	2	0	0	0	0	0	5	0	8	1	2	0	1	0	3	0	2	2	4	0	0	1	4	0	6	3	1	0	1	0	3	0	3	4	3	0	2	4	1	0
9	ND4L	YP_232815.1	Tethya actinia	Eukaryota, Metazoa, Porifera, Demospongiae, Heteroscleromorpha, Tethyida, Tethyidae, Tethya	1	3	0	18	0	3	0	1	1	5	0	0	0	0	0	1	0	0	0	0	0	0	0	0	0	1	0	0	0	1	0	7	1	12	4	1	0	3	0	6	0	0	0	1	0	3	1	2	0	1	4	3	0	5	1	0	0	2	1	1	0	6	0	1	0
10	COX1	YP_232816.1	Tethya actinia	Eukaryota, Metazoa, Porifera, Demospongiae, Heteroscleromorpha, Tethyida, Tethyidae, Tethya	1	45	2	47	2	9	0	14	1	23	0	1	0	11	4	6	0	1	0	11	0	12	1	19	0	6	1	1	0	1	1	24	0	25	24	11	0	17	2	15	0	7	0	11	0	8	1	12	0	20	8	12	2	17	7	15	3	4	5	17	0	19	17	1	0
11	ND1	YP_232817.1	Tethya actinia	Eukaryota, Metazoa, Porifera, Demospongiae, Heteroscleromorpha, Tethyida, Tethyidae, Tethya	1	22	0	40	6	7	0	9	3	17	0	3	0	7	3	2	0	1	0	7	0	4	2	2	0	6	0	0	0	1	0	21	0	26	7	6	0	2	0	12	0	7	3	10	0	3	3	11	0	15	2	14	1	8	1	4	0	10	5	9	0	5	11	0	1
12	ND2	YP_232818.1	Tethya actinia	Eukaryota, Metazoa, Porifera, Demospongiae, Heteroscleromorpha, Tethyida, Tethyidae, Tethya	1	26	0	71	5	11	1	15	2	21	0	4	0	6	3	2	0	1	0	7	1	2	2	2	0	8	3	2	0	0	1	27	0	40	13	10	0	11	2	9	0	11	6	20	1	4	2	14	2	19	13	6	0	13	5	8	0	5	5	10	1	11	17	0	1
13	ND5	YP_232819.1	Tethya actinia	Eukaryota, Metazoa, Porifera, Demospongiae, Heteroscleromorpha, Tethyida, Tethyidae, Tethya	1	42	0	82	6	18	0	20	3	31	0	5	0	6	4	1	0	2	0	7	0	6	1	11	0	5	4	0	0	2	1	32	0	47	19	16	0	14	3	24	0	19	6	16	2	8	2	17	0	23	7	18	1	16	2	15	0	8	7	12	1	13	17	1	0
