	GenName	ProteinID	OrganismName	Taxonomy	Strand	TTT	TTC	TTA	TTG	TCT	TCC	TCA	TCG	TAT	TAC	TGT	TGC	TGA	TGG	CTT	CTC	CTA	CTG	CCT	CCC	CCA	CCG	CAT	CAC	CAA	CAG	CGT	CGC	CGA	CGG	ATT	ATC	ATA	ATG	ACT	ACC	ACA	ACG	AAT	AAC	AAA	AAG	AGT	AGC	GTT	GTC	GTA	GTG	GCT	GCC	GCA	GCG	GAT	GAC	GAA	GAG	GGT	GGC	GGA	GGG	TAA	TAG	AGA	AGG
0	ND1	YP_009414221.1	Microcebus danfossi	Eukaryota, Metazoa, Chordata, Craniata, Vertebrata, Euteleostomi, Mammalia, Eutheria, Euarchontoglires, Primates, Strepsirrhini, Lemuriformes, Cheirogaleidae, Microcebus	1	13	6	18	0	3	4	15	0	7	6	0	1	8	1	4	8	21	3	5	7	11	0	1	2	6	0	0	0	8	0	14	16	21	3	4	7	11	0	7	6	7	0	2	1	3	0	7	0	4	9	12	0	0	3	9	2	2	2	7	1	0	0	0	0
1	ND2	YP_009414222.1	Microcebus danfossi	Eukaryota, Metazoa, Chordata, Craniata, Vertebrata, Euteleostomi, Mammalia, Eutheria, Euarchontoglires, Primates, Strepsirrhini, Lemuriformes, Cheirogaleidae, Microcebus	1	4	10	19	0	4	8	11	1	5	3	1	0	10	0	10	4	27	0	5	4	9	1	2	2	10	0	0	0	4	0	21	22	34	0	7	11	23	0	12	11	13	0	0	2	1	2	2	0	4	6	6	0	0	0	4	0	3	4	7	0	0	1	0	0
2	COX1	YP_009414223.1	Microcebus danfossi	Eukaryota, Metazoa, Chordata, Craniata, Vertebrata, Euteleostomi, Mammalia, Eutheria, Euarchontoglires, Primates, Strepsirrhini, Lemuriformes, Cheirogaleidae, Microcebus	1	27	15	23	3	11	2	12	4	12	9	0	1	16	1	8	9	11	4	10	4	15	0	10	8	6	0	3	2	3	0	27	11	26	7	13	6	13	1	9	7	9	0	1	2	2	5	30	1	13	11	18	1	9	8	8	1	15	9	17	6	0	0	1	0
3	COX2	YP_009414224.1	Microcebus danfossi	Eukaryota, Metazoa, Chordata, Craniata, Vertebrata, Euteleostomi, Mammalia, Eutheria, Euarchontoglires, Primates, Strepsirrhini, Lemuriformes, Cheirogaleidae, Microcebus	1	4	2	14	0	5	3	6	0	8	2	1	3	5	0	10	2	8	1	1	0	12	1	4	3	5	1	2	2	2	0	9	8	9	4	5	6	9	0	2	1	1	2	0	5	2	2	8	2	3	4	3	0	4	6	14	3	5	0	3	0	0	1	0	0
4	ATP8	YP_009414225.1	Microcebus danfossi	Eukaryota, Metazoa, Chordata, Craniata, Vertebrata, Euteleostomi, Mammalia, Eutheria, Euarchontoglires, Primates, Strepsirrhini, Lemuriformes, Cheirogaleidae, Microcebus	1	4	1	2	2	2	1	3	2	2	0	0	0	3	0	0	0	3	0	3	0	2	0	1	0	5	0	0	0	0	0	4	4	2	1	1	0	4	1	2	2	8	0	0	0	0	0	0	0	0	0	0	0	0	1	1	0	0	1	0	0	0	1	0	0
5	ATP6	YP_009414226.1	Microcebus danfossi	Eukaryota, Metazoa, Chordata, Craniata, Vertebrata, Euteleostomi, Mammalia, Eutheria, Euarchontoglires, Primates, Strepsirrhini, Lemuriformes, Cheirogaleidae, Microcebus	1	9	3	14	0	1	4	6	0	2	1	0	0	3	0	7	5	13	0	5	5	3	0	3	5	7	0	2	0	3	0	19	13	12	3	4	6	7	0	4	5	5	0	3	1	2	3	7	0	5	5	5	1	1	0	3	0	6	2	3	0	1	0	0	0
6	COX3	YP_009414227.1	Microcebus danfossi	Eukaryota, Metazoa, Chordata, Craniata, Vertebrata, Euteleostomi, Mammalia, Eutheria, Euarchontoglires, Primates, Strepsirrhini, Lemuriformes, Cheirogaleidae, Microcebus	1	11	15	12	1	3	5	9	0	6	4	0	2	12	0	8	2	8	1	3	4	3	0	6	9	7	0	1	1	3	0	12	5	8	2	4	8	13	0	3	4	2	0	4	0	2	4	6	0	5	7	2	1	2	2	8	0	6	7	8	0	0	0	0	0
7	ND3	YP_009414228.1	Microcebus danfossi	Eukaryota, Metazoa, Chordata, Craniata, Vertebrata, Euteleostomi, Mammalia, Eutheria, Euarchontoglires, Primates, Strepsirrhini, Lemuriformes, Cheirogaleidae, Microcebus	1	5	2	4	1	2	1	1	0	2	1	0	1	4	0	5	5	9	1	1	2	4	0	0	0	3	0	1	0	0	0	6	5	4	2	1	0	3	0	1	5	4	0	0	0	2	1	3	0	1	2	6	0	3	0	7	0	2	0	2	0	1	0	0	0
8	ND4L	YP_009414229.1	Microcebus danfossi	Eukaryota, Metazoa, Chordata, Craniata, Vertebrata, Euteleostomi, Mammalia, Eutheria, Euarchontoglires, Primates, Strepsirrhini, Lemuriformes, Cheirogaleidae, Microcebus	1	5	1	9	1	2	2	4	0	2	0	1	2	0	0	1	2	6	2	0	1	1	0	0	1	3	0	1	0	0	0	4	4	11	0	0	3	1	0	4	3	0	0	1	0	2	1	0	1	2	6	1	0	0	1	2	0	1	3	0	0	1	0	0	0
9	ND4	YP_009414230.1	Microcebus danfossi	Eukaryota, Metazoa, Chordata, Craniata, Vertebrata, Euteleostomi, Mammalia, Eutheria, Euarchontoglires, Primates, Strepsirrhini, Lemuriformes, Cheirogaleidae, Microcebus	1	7	13	27	3	6	6	14	1	8	11	0	4	11	1	14	7	35	2	7	6	8	0	3	6	10	0	1	1	8	0	22	19	39	4	9	9	21	0	7	17	12	0	2	9	2	2	8	1	2	13	11	1	0	3	9	0	6	5	6	0	0	0	0	0
10	ND5	YP_009414231.1	Microcebus danfossi	Eukaryota, Metazoa, Chordata, Craniata, Vertebrata, Euteleostomi, Mammalia, Eutheria, Euarchontoglires, Primates, Strepsirrhini, Lemuriformes, Cheirogaleidae, Microcebus	1	23	24	29	1	7	12	17	2	6	9	2	3	11	1	15	6	39	1	5	10	10	0	5	6	17	1	1	2	5	0	44	19	45	2	9	11	28	1	13	27	22	0	0	8	7	2	5	2	9	13	17	0	4	6	11	0	7	5	15	1	1	0	0	0
11	CYTB	YP_009414233.1	Microcebus danfossi	Eukaryota, Metazoa, Chordata, Craniata, Vertebrata, Euteleostomi, Mammalia, Eutheria, Euarchontoglires, Primates, Strepsirrhini, Lemuriformes, Cheirogaleidae, Microcebus	1	8	20	16	0	5	9	9	0	2	11	0	3	11	1	13	7	20	0	6	4	12	0	2	8	8	0	0	1	7	0	21	19	11	5	5	9	14	0	6	8	9	1	1	5	1	6	9	1	5	7	12	0	2	8	7	0	4	7	11	2	1	0	0	0
