	GenName	ProteinID	OrganismName	Taxonomy	Strand	TTT	TTC	TTA	TTG	TCT	TCC	TCA	TCG	TAT	TAC	TGT	TGC	TGA	TGG	CTT	CTC	CTA	CTG	CCT	CCC	CCA	CCG	CAT	CAC	CAA	CAG	CGT	CGC	CGA	CGG	ATT	ATC	ATA	ATG	ACT	ACC	ACA	ACG	AAT	AAC	AAA	AAG	AGT	AGC	AGA	AGG	GTT	GTC	GTA	GTG	GCT	GCC	GCA	GCG	GAT	GAC	GAA	GAG	GGT	GGC	GGA	GGG	TAA	TAG
0	ND2	YP_009024041.1	Pacris xizangensis	Eukaryota, Metazoa, Ecdysozoa, Arthropoda, Hexapoda, Insecta, Pterygota, Neoptera, Polyneoptera, Orthoptera, Caelifera, Acrididea, Acridomorpha, Acridoidea, Acrididae, Pacrinae, Pacris	1	11	8	29	6	5	3	20	1	7	5	1	2	9	1	5	4	11	0	1	0	7	0	1	1	8	0	0	0	2	0	29	13	29	2	1	2	15	2	15	8	13	1	2	0	9	0	7	1	4	2	2	0	8	1	0	0	11	1	2	0	12	1	0	0
1	COX1	YP_009024042.1	Pacris xizangensis	Eukaryota, Metazoa, Ecdysozoa, Arthropoda, Hexapoda, Insecta, Pterygota, Neoptera, Polyneoptera, Orthoptera, Caelifera, Acrididea, Acridomorpha, Acridoidea, Acrididae, Pacrinae, Pacris	1	27	10	35	2	5	5	18	2	15	2	1	0	15	0	7	2	10	1	8	1	14	3	13	1	10	0	1	0	7	0	45	10	34	0	8	1	26	0	16	4	5	1	3	1	8	0	11	1	20	2	7	2	22	0	11	6	8	0	7	0	36	3	0	0
2	COX2	YP_009024043.1	Pacris xizangensis	Eukaryota, Metazoa, Ecdysozoa, Arthropoda, Hexapoda, Insecta, Pterygota, Neoptera, Polyneoptera, Orthoptera, Caelifera, Acrididea, Acridomorpha, Acridoidea, Acrididae, Pacrinae, Pacris	1	8	2	20	1	4	1	11	0	6	1	1	1	5	1	5	1	3	0	4	0	5	0	3	3	5	0	4	0	4	0	18	4	15	2	5	0	10	1	9	2	4	1	0	0	6	0	4	0	7	0	2	1	4	0	8	5	7	2	1	0	9	1	0	0
3	ATP8	YP_009024044.1	Pacris xizangensis	Eukaryota, Metazoa, Ecdysozoa, Arthropoda, Hexapoda, Insecta, Pterygota, Neoptera, Polyneoptera, Orthoptera, Caelifera, Acrididea, Acridomorpha, Acridoidea, Acrididae, Pacrinae, Pacris	1	4	3	4	0	2	1	1	0	0	0	0	0	3	0	1	0	0	0	3	0	0	0	0	0	2	0	0	0	0	0	6	0	5	0	1	0	1	0	3	2	6	1	1	0	2	0	0	0	1	0	0	0	0	0	0	0	0	0	0	0	0	0	1	0
4	ATP6	YP_009024045.1	Pacris xizangensis	Eukaryota, Metazoa, Ecdysozoa, Arthropoda, Hexapoda, Insecta, Pterygota, Neoptera, Polyneoptera, Orthoptera, Caelifera, Acrididea, Acridomorpha, Acridoidea, Acrididae, Pacrinae, Pacris	1	19	2	22	0	1	1	12	1	4	1	0	0	5	0	2	1	7	0	4	0	6	0	4	2	3	0	1	0	2	0	19	4	19	1	4	4	17	0	14	2	3	0	1	0	7	0	1	1	4	0	3	0	5	0	1	0	4	0	1	0	10	0	1	0
5	COX3	YP_009024046.1	Pacris xizangensis	Eukaryota, Metazoa, Ecdysozoa, Arthropoda, Hexapoda, Insecta, Pterygota, Neoptera, Polyneoptera, Orthoptera, Caelifera, Acrididea, Acridomorpha, Acridoidea, Acrididae, Pacrinae, Pacris	1	20	10	19	0	3	0	9	0	8	2	1	0	15	0	3	0	5	0	4	0	5	1	9	5	7	0	0	0	4	0	24	1	14	1	3	2	13	0	7	1	2	0	3	0	5	0	4	1	8	0	5	0	9	1	3	1	8	0	3	0	14	0	1	0
6	ND3	YP_009024047.1	Pacris xizangensis	Eukaryota, Metazoa, Ecdysozoa, Arthropoda, Hexapoda, Insecta, Pterygota, Neoptera, Polyneoptera, Orthoptera, Caelifera, Acrididea, Acridomorpha, Acridoidea, Acrididae, Pacrinae, Pacris	1	8	3	10	0	0	1	7	0	1	1	1	0	3	0	0	0	4	0	0	0	5	0	0	0	2	0	0	0	3	0	14	4	9	0	0	0	5	0	3	0	4	1	1	0	4	0	0	1	5	0	1	0	4	0	4	0	4	0	0	0	3	1	0	0
7	ND6	YP_009024051.1	Pacris xizangensis	Eukaryota, Metazoa, Ecdysozoa, Arthropoda, Hexapoda, Insecta, Pterygota, Neoptera, Polyneoptera, Orthoptera, Caelifera, Acrididea, Acridomorpha, Acridoidea, Acrididae, Pacrinae, Pacris	1	10	2	11	0	3	0	7	0	5	0	0	0	1	0	2	0	3	1	3	0	1	0	2	0	2	0	0	0	1	0	29	0	23	3	7	1	6	0	11	1	10	0	1	0	2	0	2	1	6	0	0	0	2	0	2	0	5	0	3	0	2	0	1	0
8	CYTB	YP_009024052.1	Pacris xizangensis	Eukaryota, Metazoa, Ecdysozoa, Arthropoda, Hexapoda, Insecta, Pterygota, Neoptera, Polyneoptera, Orthoptera, Caelifera, Acrididea, Acridomorpha, Acridoidea, Acrididae, Pacrinae, Pacris	1	28	5	33	2	5	1	8	0	15	1	3	1	12	0	2	0	4	1	6	1	14	0	9	3	9	0	1	0	7	0	40	7	21	3	3	0	17	0	20	4	9	1	1	0	3	0	14	0	10	1	4	2	11	0	6	2	6	0	7	0	14	2	1	0
