	GenName	ProteinID	OrganismName	Taxonomy	Strand	TTT	TTC	TTA	TTG	TCT	TCC	TCA	TCG	TAT	TAC	TGT	TGC	TGA	TGG	CTT	CTC	CTA	CTG	CCT	CCC	CCA	CCG	CAT	CAC	CAA	CAG	CGT	CGC	CGA	CGG	ATT	ATC	ATA	ATG	ACT	ACC	ACA	ACG	AAT	AAC	AAA	AAG	AGT	AGC	GTT	GTC	GTA	GTG	GCT	GCC	GCA	GCG	GAT	GAC	GAA	GAG	GGT	GGC	GGA	GGG	TAA	TAG	AGA	AGG
0	ND1	YP_002290831.1	Ophiophagus hannah	Eukaryota, Metazoa, Chordata, Craniata, Vertebrata, Euteleostomi, Lepidosauria, Squamata, Bifurcata, Unidentata, Episquamata, Toxicofera, Serpentes, Colubroidea, Elapidae, Elapinae, Ophiophagus	1	3	10	7	0	2	9	14	0	3	7	0	1	6	2	2	15	33	6	4	7	14	0	0	1	8	0	0	3	5	0	6	18	22	1	8	14	12	0	3	11	7	0	0	0	4	1	2	0	6	6	6	0	1	3	10	1	2	5	8	2	0	0	0	0
1	ND2	YP_002290832.1	Ophiophagus hannah	Eukaryota, Metazoa, Chordata, Craniata, Vertebrata, Euteleostomi, Lepidosauria, Squamata, Bifurcata, Unidentata, Episquamata, Toxicofera, Serpentes, Colubroidea, Elapidae, Elapinae, Ophiophagus	1	3	5	9	1	9	5	4	1	2	4	0	1	10	0	2	7	25	6	1	4	15	0	2	9	3	3	0	0	4	0	12	14	31	2	8	23	38	0	4	8	12	0	0	5	2	3	3	0	3	11	12	0	1	1	6	0	0	4	5	0	0	0	0	0
2	COX1	YP_002290833.1	Ophiophagus hannah	Eukaryota, Metazoa, Chordata, Craniata, Vertebrata, Euteleostomi, Lepidosauria, Squamata, Bifurcata, Unidentata, Episquamata, Toxicofera, Serpentes, Colubroidea, Elapidae, Elapinae, Ophiophagus	1	12	32	10	1	7	9	13	2	7	12	1	3	17	2	4	10	30	6	3	14	14	2	3	14	6	1	3	2	4	0	19	25	28	4	9	13	18	1	6	12	12	1	1	6	6	4	18	2	5	15	16	0	5	8	9	1	7	15	22	1	0	0	1	0
3	COX2	YP_002290834.1	Ophiophagus hannah	Eukaryota, Metazoa, Chordata, Craniata, Vertebrata, Euteleostomi, Lepidosauria, Squamata, Bifurcata, Unidentata, Episquamata, Toxicofera, Serpentes, Colubroidea, Elapidae, Elapinae, Ophiophagus	1	3	5	4	1	1	2	11	0	0	7	1	2	4	1	3	4	13	4	1	0	12	0	3	4	9	3	0	2	4	0	4	6	9	2	2	7	12	1	2	3	3	0	0	3	1	4	13	0	3	4	11	0	1	8	15	1	1	1	6	1	0	0	0	0
4	ATP8	YP_002290835.1	Ophiophagus hannah	Eukaryota, Metazoa, Chordata, Craniata, Vertebrata, Euteleostomi, Lepidosauria, Squamata, Bifurcata, Unidentata, Episquamata, Toxicofera, Serpentes, Colubroidea, Elapidae, Elapinae, Ophiophagus	1	1	1	2	0	0	0	0	0	0	1	0	0	2	1	0	2	3	0	2	0	6	0	0	2	1	1	0	0	0	0	2	2	2	1	2	2	5	0	3	0	5	0	0	1	0	1	1	0	0	1	0	1	0	0	0	0	0	0	0	0	1	0	0	0
5	ATP6	YP_002290836.1	Ophiophagus hannah	Eukaryota, Metazoa, Chordata, Craniata, Vertebrata, Euteleostomi, Lepidosauria, Squamata, Bifurcata, Unidentata, Episquamata, Toxicofera, Serpentes, Colubroidea, Elapidae, Elapinae, Ophiophagus	1	4	3	8	0	0	2	6	0	3	1	1	2	1	1	5	11	24	1	1	2	11	0	2	4	5	1	1	1	1	0	9	12	17	2	7	7	12	0	5	7	6	0	1	3	1	1	4	1	5	4	5	0	0	0	6	0	1	4	4	0	1	0	0	0
6	COX3	YP_002290837.1	Ophiophagus hannah	Eukaryota, Metazoa, Chordata, Craniata, Vertebrata, Euteleostomi, Lepidosauria, Squamata, Bifurcata, Unidentata, Episquamata, Toxicofera, Serpentes, Colubroidea, Elapidae, Elapinae, Ophiophagus	1	3	14	4	1	2	3	10	0	6	6	0	1	11	1	4	4	22	0	1	3	7	0	5	11	7	0	0	1	3	0	2	14	6	5	2	15	8	0	1	5	5	0	0	4	2	5	8	1	2	7	7	0	1	3	9	0	4	6	6	3	0	0	0	0
7	ND3	YP_002290838.1	Ophiophagus hannah	Eukaryota, Metazoa, Chordata, Craniata, Vertebrata, Euteleostomi, Lepidosauria, Squamata, Bifurcata, Unidentata, Episquamata, Toxicofera, Serpentes, Colubroidea, Elapidae, Elapinae, Ophiophagus	1	1	5	2	1	1	3	1	0	0	2	0	1	3	0	3	4	10	3	2	2	3	1	0	0	2	0	0	0	1	0	5	6	2	0	1	6	9	1	1	4	2	0	0	2	1	2	1	0	3	3	2	0	1	2	4	0	0	2	2	1	0	0	0	0
8	ND4L	YP_002290839.1	Ophiophagus hannah	Eukaryota, Metazoa, Chordata, Craniata, Vertebrata, Euteleostomi, Lepidosauria, Squamata, Bifurcata, Unidentata, Episquamata, Toxicofera, Serpentes, Colubroidea, Elapidae, Elapinae, Ophiophagus	1	2	3	1	0	0	1	5	0	0	1	0	2	0	0	4	2	12	0	0	0	2	0	0	1	2	0	0	0	1	1	6	3	10	1	1	5	4	1	1	3	3	0	0	2	2	0	3	0	1	1	3	0	0	1	2	0	0	1	2	0	1	0	0	0
9	ND4	YP_002290840.1	Ophiophagus hannah	Eukaryota, Metazoa, Chordata, Craniata, Vertebrata, Euteleostomi, Lepidosauria, Squamata, Bifurcata, Unidentata, Episquamata, Toxicofera, Serpentes, Colubroidea, Elapidae, Elapinae, Ophiophagus	1	6	15	10	0	3	11	12	0	5	8	0	4	10	0	13	16	45	2	3	5	16	0	4	8	17	1	1	2	6	0	19	20	31	3	7	23	25	3	5	7	9	2	2	5	0	0	4	0	7	13	11	0	1	2	8	0	2	6	2	5	0	0	0	0
10	ND5	YP_002290841.1	Ophiophagus hannah	Eukaryota, Metazoa, Chordata, Craniata, Vertebrata, Euteleostomi, Lepidosauria, Squamata, Bifurcata, Unidentata, Episquamata, Toxicofera, Serpentes, Colubroidea, Elapidae, Elapinae, Ophiophagus	1	7	18	16	1	5	12	27	0	6	5	0	2	9	1	7	16	48	4	7	3	13	0	2	11	16	0	1	0	8	0	23	37	47	2	9	35	36	3	8	29	22	2	2	5	0	3	3	1	6	13	14	1	5	6	11	0	2	9	10	2	1	0	0	0
11	CYTB	YP_002290843.1	Ophiophagus hannah	Eukaryota, Metazoa, Chordata, Craniata, Vertebrata, Euteleostomi, Lepidosauria, Squamata, Bifurcata, Unidentata, Episquamata, Toxicofera, Serpentes, Colubroidea, Elapidae, Elapinae, Ophiophagus	1	6	24	4	0	5	9	11	1	6	8	0	2	11	1	7	8	25	4	1	6	13	0	1	11	7	0	1	1	4	0	19	24	16	3	3	22	17	0	3	17	7	1	0	2	1	3	4	1	3	7	9	0	2	6	5	1	3	5	8	3	0	0	0	0
