	GenName	ProteinID	OrganismName	Taxonomy	Strand	TTT	TTC	TTA	TTG	TCT	TCC	TCA	TCG	TAT	TAC	TGT	TGC	TGA	TGG	CTT	CTC	CTA	CTG	CCT	CCC	CCA	CCG	CAT	CAC	CAA	CAG	CGT	CGC	CGA	CGG	ATT	ATC	ATA	ATG	ACT	ACC	ACA	ACG	AAT	AAC	AAA	AAG	AGT	AGC	GTT	GTC	GTA	GTG	GCT	GCC	GCA	GCG	GAT	GAC	GAA	GAG	GGT	GGC	GGA	GGG	TAA	TAG	AGA	AGG
0	ND1	YP_003674.1	Dromiciops gliroides	Eukaryota, Metazoa, Chordata, Craniata, Vertebrata, Euteleostomi, Mammalia, Metatheria, Microbiotheria, Microbiotheriidae, Dromiciops	1	8	13	14	0	0	9	11	0	6	4	0	2	9	0	4	9	26	1	7	5	7	0	2	0	6	0	0	1	7	0	22	12	17	0	5	8	9	0	6	7	8	0	1	0	2	3	8	1	8	13	10	0	2	2	10	0	1	8	3	1	0	0	0	0
1	ND2	YP_003675.1	Dromiciops gliroides	Eukaryota, Metazoa, Chordata, Craniata, Vertebrata, Euteleostomi, Mammalia, Metatheria, Microbiotheria, Microbiotheriidae, Dromiciops	1	7	6	14	0	3	9	14	1	5	5	0	0	11	0	14	10	20	1	4	9	4	0	3	4	8	0	2	0	2	0	25	18	27	3	6	13	15	0	5	17	9	1	1	0	2	2	3	0	3	15	8	0	0	1	4	0	2	2	9	1	1	0	0	0
2	COX1	YP_003676.1	Dromiciops gliroides	Eukaryota, Metazoa, Chordata, Craniata, Vertebrata, Euteleostomi, Mammalia, Metatheria, Microbiotheria, Microbiotheriidae, Dromiciops	1	19	25	13	2	8	7	14	0	10	9	1	0	17	0	17	5	19	2	13	3	11	1	4	13	5	2	2	2	4	0	35	10	23	7	8	9	15	3	10	6	9	0	0	4	10	6	15	4	15	10	15	0	11	4	7	2	7	12	23	5	1	0	0	0
3	COX2	YP_003677.1	Dromiciops gliroides	Eukaryota, Metazoa, Chordata, Craniata, Vertebrata, Euteleostomi, Mammalia, Metatheria, Microbiotheria, Microbiotheriidae, Dromiciops	1	4	3	8	1	5	4	5	0	11	3	1	1	3	2	7	3	11	1	4	0	8	1	6	0	7	0	2	1	4	0	9	9	13	6	1	7	7	2	2	2	5	0	3	1	6	0	5	0	5	3	1	0	5	7	12	2	4	2	1	1	0	0	0	0
4	ATP8	YP_003678.1	Dromiciops gliroides	Eukaryota, Metazoa, Chordata, Craniata, Vertebrata, Euteleostomi, Mammalia, Metatheria, Microbiotheria, Microbiotheriidae, Dromiciops	1	1	1	2	1	1	2	3	0	2	0	0	1	3	0	2	0	4	0	1	3	1	0	1	0	3	1	0	0	0	0	5	3	3	3	3	1	3	1	3	0	7	0	0	0	0	0	0	0	0	0	1	0	0	1	1	1	0	0	0	0	0	1	0	0
5	ATP6	YP_003679.1	Dromiciops gliroides	Eukaryota, Metazoa, Chordata, Craniata, Vertebrata, Euteleostomi, Mammalia, Metatheria, Microbiotheria, Microbiotheriidae, Dromiciops	1	4	7	11	1	4	1	8	0	3	0	0	1	4	0	6	5	16	3	4	2	8	1	1	4	7	1	1	1	5	0	16	12	14	1	5	6	13	0	6	4	4	0	0	2	2	2	4	0	3	6	4	0	1	0	3	0	3	4	2	0	1	0	0	0
6	COX3	YP_003680.1	Dromiciops gliroides	Eukaryota, Metazoa, Chordata, Craniata, Vertebrata, Euteleostomi, Mammalia, Metatheria, Microbiotheria, Microbiotheriidae, Dromiciops	1	9	11	6	1	6	3	7	0	10	4	1	1	12	0	7	4	14	0	2	3	5	0	12	6	8	0	0	1	4	0	13	7	7	3	5	6	8	2	1	4	2	0	1	2	5	4	6	0	4	8	3	0	2	1	6	2	5	6	7	4	0	0	0	0
7	ND3	YP_003681.1	Dromiciops gliroides	Eukaryota, Metazoa, Chordata, Craniata, Vertebrata, Euteleostomi, Mammalia, Metatheria, Microbiotheria, Microbiotheriidae, Dromiciops	1	7	2	9	3	1	1	3	0	3	2	0	1	4	0	1	2	7	5	2	3	3	0	0	0	3	0	0	1	0	0	6	4	3	0	1	1	3	0	2	1	4	0	0	1	2	3	1	0	2	4	2	0	1	1	4	2	2	1	2	0	0	1	0	0
8	ND4L	YP_003682.1	Dromiciops gliroides	Eukaryota, Metazoa, Chordata, Craniata, Vertebrata, Euteleostomi, Mammalia, Metatheria, Microbiotheria, Microbiotheriidae, Dromiciops	1	2	2	6	0	3	1	6	0	1	2	1	1	0	0	5	1	14	0	0	1	0	0	1	2	2	0	0	0	1	0	6	2	7	2	1	1	1	0	2	4	1	0	0	0	0	4	0	0	0	3	3	0	1	0	1	1	0	2	2	1	0	0	0	0
9	ND4	YP_003683.1	Dromiciops gliroides	Eukaryota, Metazoa, Chordata, Craniata, Vertebrata, Euteleostomi, Mammalia, Metatheria, Microbiotheria, Microbiotheriidae, Dromiciops	1	9	8	26	1	11	16	10	1	9	10	1	4	11	0	15	14	29	3	3	11	9	0	4	10	7	2	1	2	7	0	24	23	30	2	7	13	13	0	7	11	12	0	2	10	3	6	4	0	14	7	6	0	1	2	8	0	5	8	7	0	0	0	0	0
10	ND5	YP_003684.1	Dromiciops gliroides	Eukaryota, Metazoa, Chordata, Craniata, Vertebrata, Euteleostomi, Mammalia, Metatheria, Microbiotheria, Microbiotheriidae, Dromiciops	1	16	25	18	1	12	7	17	2	5	11	2	3	12	0	13	16	36	3	11	5	12	0	10	9	15	1	1	3	5	0	43	27	30	5	18	14	19	1	16	18	18	0	3	9	4	3	9	0	8	14	21	0	7	5	8	1	5	14	9	2	1	0	0	0
11	CYTB	YP_003686.1	Dromiciops gliroides	Eukaryota, Metazoa, Chordata, Craniata, Vertebrata, Euteleostomi, Mammalia, Metatheria, Microbiotheria, Microbiotheriidae, Dromiciops	1	5	24	11	0	4	7	11	0	4	9	1	2	12	0	10	17	24	4	5	7	12	0	2	9	7	0	2	0	6	0	16	18	10	2	5	12	7	0	9	10	10	0	0	1	7	2	10	0	7	11	7	0	4	7	6	0	6	6	10	3	0	0	1	0
