	GenName	ProteinID	OrganismName	Taxonomy	Strand	TTT	TTC	TTA	TTG	TCT	TCC	TCA	TCG	TAT	TAC	TGT	TGC	TGA	TGG	CTT	CTC	CTA	CTG	CCT	CCC	CCA	CCG	CAT	CAC	CAA	CAG	CGT	CGC	CGA	CGG	ATT	ATC	ATA	ATG	ACT	ACC	ACA	ACG	AAT	AAC	AAA	AAG	AGT	AGC	AGA	AGG	GTT	GTC	GTA	GTG	GCT	GCC	GCA	GCG	GAT	GAC	GAA	GAG	GGT	GGC	GGA	GGG	TAA	TAG
0	ND5	YP_009545476.1	Alveopora japonica	Eukaryota, Metazoa, Cnidaria, Anthozoa, Hexacorallia, Scleractinia, Fungiina, Poritidae, Alveopora	1	42	2	43	30	31	1	3	4	24	3	7	0	5	7	18	1	7	2	8	1	5	3	11	1	10	3	2	1	5	1	28	5	14	18	14	6	7	4	11	4	11	7	10	2	4	5	33	5	8	14	17	9	7	9	10	4	7	6	10	9	9	23	0	1
1	ND1	YP_009545477.1	Alveopora japonica	Eukaryota, Metazoa, Cnidaria, Anthozoa, Hexacorallia, Scleractinia, Fungiina, Poritidae, Alveopora	1	24	3	17	11	8	2	3	3	13	1	2	0	3	4	8	1	6	2	7	1	2	5	3	0	3	3	1	0	3	1	13	4	10	11	3	2	4	0	5	2	9	2	10	0	2	1	17	7	7	9	14	5	2	7	3	1	6	6	3	3	3	16	1	0
2	CYTB	YP_009545478.1	Alveopora japonica	Eukaryota, Metazoa, Cnidaria, Anthozoa, Hexacorallia, Scleractinia, Fungiina, Poritidae, Alveopora	1	35	3	16	20	11	2	4	1	17	3	3	2	7	4	10	3	4	5	8	3	5	5	8	2	5	2	2	3	1	1	11	5	12	10	3	2	2	6	11	4	6	2	8	0	4	1	16	3	6	14	10	1	3	3	5	2	3	6	4	4	5	18	0	1
3	ND2	YP_009545479.1	Alveopora japonica	Eukaryota, Metazoa, Cnidaria, Anthozoa, Hexacorallia, Scleractinia, Fungiina, Poritidae, Alveopora	1	22	0	27	19	12	4	7	3	13	2	5	0	2	6	14	1	3	2	4	1	0	4	4	0	7	0	0	0	1	1	13	2	10	8	5	2	2	3	7	2	8	4	8	1	4	1	18	7	4	12	21	4	3	5	2	0	3	4	8	6	7	17	1	0
4	ND6	YP_009545480.1	Alveopora japonica	Eukaryota, Metazoa, Cnidaria, Anthozoa, Hexacorallia, Scleractinia, Fungiina, Poritidae, Alveopora	1	20	0	12	7	2	1	4	1	6	1	1	0	3	2	2	2	1	0	4	4	0	0	1	0	4	0	0	0	2	2	13	3	9	8	3	1	2	0	3	1	1	1	3	0	2	0	10	1	3	4	9	2	3	4	4	0	4	1	2	3	4	11	1	0
5	ATP6	YP_009545481.1	Alveopora japonica	Eukaryota, Metazoa, Cnidaria, Anthozoa, Hexacorallia, Scleractinia, Fungiina, Poritidae, Alveopora	1	22	3	21	9	4	1	3	1	5	0	2	0	0	2	2	1	4	3	1	4	2	1	5	0	2	2	1	0	0	1	8	6	6	7	5	0	4	0	5	0	3	2	5	0	1	2	14	2	6	8	7	7	1	4	3	1	2	3	5	3	0	10	0	1
6	ND4	YP_009545482.1	Alveopora japonica	Eukaryota, Metazoa, Cnidaria, Anthozoa, Hexacorallia, Scleractinia, Fungiina, Poritidae, Alveopora	1	44	3	33	18	9	4	1	7	18	1	6	0	5	6	17	2	9	3	10	4	2	4	6	2	8	1	4	0	2	2	27	2	15	14	10	1	5	1	12	2	6	8	6	4	4	1	23	3	5	13	10	9	3	11	6	3	6	10	7	5	7	21	0	1
7	COX3	YP_009545483.1	Alveopora japonica	Eukaryota, Metazoa, Cnidaria, Anthozoa, Hexacorallia, Scleractinia, Fungiina, Poritidae, Alveopora	1	26	1	14	6	7	0	2	4	13	0	3	1	4	7	4	0	2	4	7	2	1	0	10	1	8	0	1	0	1	0	12	0	6	7	12	1	1	0	1	2	3	2	6	2	3	0	17	2	1	7	5	2	3	4	3	0	2	6	3	3	3	14	1	0
8	COX2	YP_009545484.1	Alveopora japonica	Eukaryota, Metazoa, Cnidaria, Anthozoa, Hexacorallia, Scleractinia, Fungiina, Poritidae, Alveopora	1	11	1	14	11	8	0	2	2	9	2	2	1	1	5	1	0	3	1	6	0	2	4	4	2	4	2	0	0	1	1	15	2	6	7	3	0	4	2	9	1	6	1	3	0	4	1	12	3	4	7	4	4	1	5	11	4	9	6	6	0	3	4	1	0
9	ND4L	YP_009545485.1	Alveopora japonica	Eukaryota, Metazoa, Cnidaria, Anthozoa, Hexacorallia, Scleractinia, Fungiina, Poritidae, Alveopora	1	6	0	12	2	3	1	1	0	4	1	0	0	0	1	2	0	0	0	0	0	0	0	1	0	1	0	0	0	1	1	11	3	8	3	0	0	3	0	1	1	1	1	1	0	2	0	3	0	0	3	3	0	0	5	1	0	3	1	4	1	2	1	1	0
10	ND3	YP_009545486.1	Alveopora japonica	Eukaryota, Metazoa, Cnidaria, Anthozoa, Hexacorallia, Scleractinia, Fungiina, Poritidae, Alveopora	1	17	2	7	5	5	0	2	1	4	1	2	0	2	2	4	1	0	0	3	1	1	1	0	0	2	0	0	1	2	0	6	1	2	1	0	1	0	0	1	0	3	0	1	1	0	0	4	2	1	3	2	0	0	1	1	1	3	5	5	2	0	5	0	1
11	ATP8	YP_009545487.1	Alveopora japonica	Eukaryota, Metazoa, Cnidaria, Anthozoa, Hexacorallia, Scleractinia, Fungiina, Poritidae, Alveopora	1	8	1	8	2	0	0	0	1	2	0	2	0	2	1	1	1	1	0	1	0	1	0	0	0	1	1	0	0	1	0	2	0	2	4	4	1	0	1	1	0	5	1	1	0	1	0	5	0	1	1	1	0	0	0	0	1	1	0	1	0	0	3	1	0
12	COX1	YP_009545488.1	Alveopora japonica	Eukaryota, Metazoa, Cnidaria, Anthozoa, Hexacorallia, Scleractinia, Fungiina, Poritidae, Alveopora	1	46	5	31	19	14	1	2	2	20	2	2	0	4	13	8	2	3	1	12	3	7	2	12	4	4	3	1	0	2	4	28	3	14	25	16	3	7	6	14	1	4	6	7	2	3	2	20	2	6	10	14	9	10	5	13	7	3	10	12	8	11	23	1	0
