	GenName	ProteinID	OrganismName	Taxonomy	Strand	TTT	TTC	TTA	TTG	TCT	TCC	TCA	TCG	TAT	TAC	TGT	TGC	TGA	TGG	CTT	CTC	CTA	CTG	CCT	CCC	CCA	CCG	CAT	CAC	CAA	CAG	CGT	CGC	CGA	CGG	ATT	ATC	ATA	ATG	ACT	ACC	ACA	ACG	AAT	AAC	AAA	AAG	AGT	AGC	AGA	AGG	GTT	GTC	GTA	GTG	GCT	GCC	GCA	GCG	GAT	GAC	GAA	GAG	GGT	GGC	GGA	GGG	TAA	TAG
0	sdh3	YP_009388412.1	Gossypium davidsonii	Eukaryota, Viridiplantae, Streptophyta, Embryophyta, Tracheophyta, Spermatophyta, Magnoliopsida, eudicotyledons, Gunneridae, Pentapetalae, rosids, malvids, Malvales, Malvaceae, Malvoideae, Gossypium	1	11	6	5	4	1	4	5	3	8	1	2	1	0	0	9	1	5	3	2	0	2	0	3	0	1	1	4	0	0	0	10	5	2	1	2	1	0	4	5	0	3	4	1	0	4	0	1	1	2	0	3	3	1	0	3	0	1	1	1	0	1	2	0	1
1	nad2	YP_009388413.1	Gossypium davidsonii	Eukaryota, Viridiplantae, Streptophyta, Embryophyta, Tracheophyta, Spermatophyta, Magnoliopsida, eudicotyledons, Gunneridae, Pentapetalae, rosids, malvids, Malvales, Malvaceae, Malvoideae, Gossypium	1	23	21	18	10	12	9	12	6	19	3	7	2	0	4	10	5	13	2	10	3	4	4	7	1	10	0	4	2	1	1	28	14	9	16	11	10	5	5	8	1	10	5	9	3	3	4	10	2	6	3	16	13	15	4	10	1	7	4	13	4	12	4	1	0
2	nad4	YP_009388417.1	Gossypium davidsonii	Eukaryota, Viridiplantae, Streptophyta, Embryophyta, Tracheophyta, Spermatophyta, Magnoliopsida, eudicotyledons, Gunneridae, Pentapetalae, rosids, malvids, Malvales, Malvaceae, Malvoideae, Gossypium	1	26	16	19	9	16	6	8	1	14	3	5	3	1	7	14	4	11	8	15	7	3	3	10	1	8	3	2	2	5	3	23	12	13	16	11	8	7	2	9	3	8	5	7	9	9	0	14	2	7	12	6	10	6	6	7	3	11	3	13	3	13	5	0	0
3	nad9	YP_009388418.1	Gossypium davidsonii	Eukaryota, Viridiplantae, Streptophyta, Embryophyta, Tracheophyta, Spermatophyta, Magnoliopsida, eudicotyledons, Gunneridae, Pentapetalae, rosids, malvids, Malvales, Malvaceae, Malvoideae, Gossypium	1	8	4	2	3	4	2	3	2	8	1	0	2	0	5	1	0	3	2	2	3	3	2	5	0	5	1	4	4	5	2	4	2	3	4	2	4	4	0	4	2	8	1	6	1	3	1	6	1	6	3	0	2	1	0	10	4	9	5	3	1	3	1	1	0
4	mttB	YP_009388419.1	Gossypium davidsonii	Eukaryota, Viridiplantae, Streptophyta, Embryophyta, Tracheophyta, Spermatophyta, Magnoliopsida, eudicotyledons, Gunneridae, Pentapetalae, rosids, malvids, Malvales, Malvaceae, Malvoideae, Gossypium	1	11	12	7	9	6	5	3	8	7	4	1	5	0	6	6	2	2	2	6	4	4	3	4	1	6	1	8	1	2	2	9	10	8	4	4	2	7	6	4	1	4	2	4	1	0	3	9	2	5	4	3	2	6	0	2	3	8	5	5	2	3	0	0	1
5	atp1	YP_009388420.1	Gossypium davidsonii	Eukaryota, Viridiplantae, Streptophyta, Embryophyta, Tracheophyta, Spermatophyta, Magnoliopsida, eudicotyledons, Gunneridae, Pentapetalae, rosids, malvids, Malvales, Malvaceae, Malvoideae, Gossypium	1	8	6	18	10	8	2	8	4	15	2	4	1	1	0	11	2	7	5	10	4	10	1	1	3	22	5	7	6	10	0	24	5	7	11	6	7	8	2	9	6	19	4	8	4	8	2	7	14	6	12	23	11	10	9	18	5	26	10	8	5	17	10	0	0
6	rps10	YP_009388421.1	Gossypium davidsonii	Eukaryota, Viridiplantae, Streptophyta, Embryophyta, Tracheophyta, Spermatophyta, Magnoliopsida, eudicotyledons, Gunneridae, Pentapetalae, rosids, malvids, Malvales, Malvaceae, Malvoideae, Gossypium	1	8	1	3	3	2	1	2	1	2	1	0	1	0	1	3	1	1	1	3	0	1	1	2	1	3	2	2	3	4	2	3	2	4	2	1	3	2	1	0	1	5	8	0	0	2	1	0	2	0	2	1	0	0	0	3	0	9	0	0	0	2	1	0	0
7	cox1	YP_009388422.1	Gossypium davidsonii	Eukaryota, Viridiplantae, Streptophyta, Embryophyta, Tracheophyta, Spermatophyta, Magnoliopsida, eudicotyledons, Gunneridae, Pentapetalae, rosids, malvids, Malvales, Malvaceae, Malvoideae, Gossypium	1	26	19	18	5	9	6	8	5	12	5	2	1	0	13	12	4	7	5	7	10	8	9	15	3	6	2	5	1	4	2	14	16	14	22	15	11	9	3	13	6	6	3	9	6	2	0	16	6	8	9	17	6	12	1	9	4	6	3	17	6	21	11	1	0
8	cox3	YP_009388423.1	Gossypium davidsonii	Eukaryota, Viridiplantae, Streptophyta, Embryophyta, Tracheophyta, Spermatophyta, Magnoliopsida, eudicotyledons, Gunneridae, Pentapetalae, rosids, malvids, Malvales, Malvaceae, Malvoideae, Gossypium	1	17	7	5	6	8	2	3	3	9	2	1	0	1	11	6	5	3	3	6	1	4	0	12	2	5	1	1	2	2	1	11	5	5	6	6	7	0	2	1	0	4	1	3	0	1	1	7	2	10	3	10	1	8	1	4	1	7	3	11	3	9	4	0	0
9	sdh4	YP_009388424.1	Gossypium davidsonii	Eukaryota, Viridiplantae, Streptophyta, Embryophyta, Tracheophyta, Spermatophyta, Magnoliopsida, eudicotyledons, Gunneridae, Pentapetalae, rosids, malvids, Malvales, Malvaceae, Malvoideae, Gossypium	1	4	6	4	8	3	2	0	2	3	1	2	0	1	1	1	4	3	1	1	1	2	0	1	2	2	0	1	0	2	0	5	6	2	6	2	1	1	0	5	3	5	4	0	1	4	1	4	1	3	1	2	0	2	0	3	0	5	1	2	0	1	4	0	0
10	rps4	YP_009388430.1	Gossypium davidsonii	Eukaryota, Viridiplantae, Streptophyta, Embryophyta, Tracheophyta, Spermatophyta, Magnoliopsida, eudicotyledons, Gunneridae, Pentapetalae, rosids, malvids, Malvales, Malvaceae, Malvoideae, Gossypium	1	10	9	7	8	5	7	4	3	11	2	3	3	0	2	8	3	7	1	8	4	3	1	6	6	9	4	6	5	5	3	7	12	11	7	7	1	8	1	12	12	29	9	5	1	22	7	6	1	3	3	3	1	3	1	4	4	14	4	3	3	6	2	1	0
11	cox2	YP_009388431.1	Gossypium davidsonii	Eukaryota, Viridiplantae, Streptophyta, Embryophyta, Tracheophyta, Spermatophyta, Magnoliopsida, eudicotyledons, Gunneridae, Pentapetalae, rosids, malvids, Malvales, Malvaceae, Malvoideae, Gossypium	1	6	6	10	3	4	3	6	1	8	2	3	1	0	5	1	4	3	1	6	1	6	2	7	2	10	3	4	0	1	4	14	9	5	5	6	2	3	3	5	1	4	1	5	0	1	2	7	2	12	2	11	3	3	1	10	5	9	4	5	0	6	1	1	0
12	ccmFN	YP_009388437.1	Gossypium davidsonii	Eukaryota, Viridiplantae, Streptophyta, Embryophyta, Tracheophyta, Spermatophyta, Magnoliopsida, eudicotyledons, Gunneridae, Pentapetalae, rosids, malvids, Malvales, Malvaceae, Malvoideae, Gossypium	1	26	18	13	8	14	7	9	12	9	6	7	7	1	16	22	5	10	4	16	7	10	5	13	3	8	6	11	4	10	12	16	5	6	13	9	11	8	2	15	7	14	8	7	4	4	6	10	7	6	9	16	9	10	8	11	6	13	5	8	9	15	3	0	0
13	rpl10	YP_009388439.1	Gossypium davidsonii	Eukaryota, Viridiplantae, Streptophyta, Embryophyta, Tracheophyta, Spermatophyta, Magnoliopsida, eudicotyledons, Gunneridae, Pentapetalae, rosids, malvids, Malvales, Malvaceae, Malvoideae, Gossypium	1	4	10	5	3	4	4	2	2	5	1	4	1	0	3	6	2	2	2	3	2	6	0	4	0	3	2	0	1	3	2	1	1	2	3	2	3	1	0	2	1	6	3	7	1	3	1	0	0	3	1	2	1	3	0	6	3	7	4	2	2	3	2	1	0
14	nad3	YP_009388441.1	Gossypium davidsonii	Eukaryota, Viridiplantae, Streptophyta, Embryophyta, Tracheophyta, Spermatophyta, Magnoliopsida, eudicotyledons, Gunneridae, Pentapetalae, rosids, malvids, Malvales, Malvaceae, Malvoideae, Gossypium	1	11	3	3	4	3	3	2	3	4	1	1	0	0	3	3	1	2	0	6	1	2	2	0	0	0	0	1	0	0	1	7	3	1	3	0	2	0	1	1	1	2	1	3	0	2	1	2	0	2	1	2	3	2	0	6	0	5	1	4	0	2	0	1	0
15	rps12	YP_009388442.1	Gossypium davidsonii	Eukaryota, Viridiplantae, Streptophyta, Embryophyta, Tracheophyta, Spermatophyta, Magnoliopsida, eudicotyledons, Gunneridae, Pentapetalae, rosids, malvids, Malvales, Malvaceae, Malvoideae, Gossypium	1	1	0	3	4	1	1	2	2	2	0	2	1	0	0	0	0	1	1	2	2	2	3	5	0	3	2	4	1	4	2	4	0	3	2	1	0	2	2	4	0	9	3	0	1	7	0	1	2	2	2	4	0	1	0	5	1	5	0	4	3	4	0	0	1
16	nad7	YP_009388443.1	Gossypium davidsonii	Eukaryota, Viridiplantae, Streptophyta, Embryophyta, Tracheophyta, Spermatophyta, Magnoliopsida, eudicotyledons, Gunneridae, Pentapetalae, rosids, malvids, Malvales, Malvaceae, Malvoideae, Gossypium	1	7	8	12	4	7	6	9	4	8	4	5	2	0	4	6	2	2	3	9	2	8	1	12	3	16	1	11	1	11	2	7	8	6	15	11	5	2	1	8	3	10	2	4	1	8	3	5	5	8	10	10	6	10	2	18	4	16	9	9	4	12	2	0	1
17	matR	YP_009388445.1	Gossypium davidsonii	Eukaryota, Viridiplantae, Streptophyta, Embryophyta, Tracheophyta, Spermatophyta, Magnoliopsida, eudicotyledons, Gunneridae, Pentapetalae, rosids, malvids, Malvales, Malvaceae, Malvoideae, Gossypium	1	9	14	6	7	4	12	6	14	4	11	3	6	0	10	12	11	16	10	6	18	8	6	6	16	12	10	5	8	12	10	13	28	17	4	6	8	7	7	7	14	14	24	6	13	13	15	7	11	13	4	4	21	6	14	7	18	18	17	14	9	14	10	0	1
