	GenName	ProteinID	OrganismName	Taxonomy	Strand	TTT	TTC	TTA	TTG	TCT	TCC	TCA	TCG	TAT	TAC	TGT	TGC	TGA	TGG	CTT	CTC	CTA	CTG	CCT	CCC	CCA	CCG	CAT	CAC	CAA	CAG	CGT	CGC	CGA	CGG	ATT	ATC	ATA	ATG	ACT	ACC	ACA	ACG	AAT	AAC	AAA	AAG	AGT	AGC	AGA	AGG	GTT	GTC	GTA	GTG	GCT	GCC	GCA	GCG	GAT	GAC	GAA	GAG	GGT	GGC	GGA	GGG	TAA	TAG
0	nad2	YP_009123598.1	Polytoma uvella	Eukaryota, Viridiplantae, Chlorophyta, core chlorophytes, Chlorophyceae, CS clade, Chlamydomonadales, Chlamydomonadaceae, Polytoma	1	9	31	6	16	3	13	3	5	1	20	0	5	0	9	0	7	3	52	2	1	0	10	4	3	7	6	3	7	0	0	8	8	0	14	1	6	3	0	1	7	0	10	15	18	1	0	6	7	3	37	2	11	3	24	5	7	0	6	4	8	4	6	1	0
1	nad5	YP_009123599.1	Polytoma uvella	Eukaryota, Viridiplantae, Chlorophyta, core chlorophytes, Chlorophyceae, CS clade, Chlamydomonadales, Chlamydomonadaceae, Polytoma	1	6	31	1	10	3	25	1	3	5	19	1	12	0	15	2	25	5	41	1	4	2	6	1	11	7	3	2	10	1	0	4	25	0	17	7	22	1	0	2	7	3	9	7	14	0	0	7	12	2	34	6	29	4	20	4	16	0	9	6	29	2	6	1	0
2	cob	YP_009123600.1	Polytoma uvella	Eukaryota, Viridiplantae, Chlorophyta, core chlorophytes, Chlorophyceae, CS clade, Chlamydomonadales, Chlamydomonadaceae, Polytoma	1	0	27	0	3	1	11	1	0	4	21	0	2	0	12	8	35	6	7	4	11	3	7	0	16	9	1	0	8	0	0	6	21	0	8	3	16	0	0	4	11	1	4	0	11	1	0	5	30	0	3	3	23	1	4	1	6	1	7	6	22	1	1	1	0
3	nad6	YP_009123601.1	Polytoma uvella	Eukaryota, Viridiplantae, Chlorophyta, core chlorophytes, Chlorophyceae, CS clade, Chlamydomonadales, Chlamydomonadaceae, Polytoma	1	4	8	0	10	0	4	1	3	3	6	0	1	0	1	0	1	2	19	0	0	0	3	0	2	0	0	2	4	0	0	1	7	0	9	1	5	0	0	2	4	0	0	4	2	0	0	1	2	2	14	2	4	1	10	0	1	0	5	2	4	0	2	1	0
4	nad4	YP_009123602.1	Polytoma uvella	Eukaryota, Viridiplantae, Chlorophyta, core chlorophytes, Chlorophyceae, CS clade, Chlamydomonadales, Chlamydomonadaceae, Polytoma	1	2	39	0	7	1	19	1	0	5	11	2	10	0	6	6	22	3	50	0	6	2	11	1	10	4	1	1	9	0	0	4	21	0	16	4	21	0	0	2	5	1	6	5	6	0	0	6	15	3	21	5	25	3	17	1	8	0	9	9	20	0	4	1	0
5	cox1	YP_009123603.1	Polytoma uvella	Eukaryota, Viridiplantae, Chlorophyta, core chlorophytes, Chlorophyceae, CS clade, Chlamydomonadales, Chlamydomonadaceae, Polytoma	1	4	37	2	9	6	18	1	0	6	9	0	3	0	13	12	31	2	24	3	9	2	11	3	13	6	1	2	8	0	0	8	27	0	25	6	21	1	0	2	14	0	6	2	8	0	0	11	21	2	6	21	20	2	3	3	9	0	7	13	32	5	1	0	1
6	nad1	YP_009123604.1	Polytoma uvella	Eukaryota, Viridiplantae, Chlorophyta, core chlorophytes, Chlorophyceae, CS clade, Chlamydomonadales, Chlamydomonadaceae, Polytoma	1	3	25	1	3	3	12	1	0	1	10	0	3	0	5	6	19	5	12	1	3	2	5	0	1	7	1	5	3	0	0	7	10	0	11	1	6	2	0	2	3	3	4	4	9	0	1	4	9	0	7	8	20	2	4	2	5	0	10	5	15	2	3	1	0
