	GenName	ProteinID	OrganismName	Taxonomy	Strand	TTT	TTC	TTA	TTG	TCT	TCC	TCA	TCG	TAT	TAC	TGT	TGC	TGA	TGG	CTT	CTC	CTA	CTG	CCT	CCC	CCA	CCG	CAT	CAC	CAA	CAG	CGT	CGC	CGA	CGG	ATT	ATC	ATA	ATG	ACT	ACC	ACA	ACG	AAT	AAC	AAA	AAG	AGT	AGC	AGA	AGG	GTT	GTC	GTA	GTG	GCT	GCC	GCA	GCG	GAT	GAC	GAA	GAG	GGT	GGC	GGA	GGG	TAA	TAG
0	cox1	YP_009295170.1	Dasya binghamiae	Eukaryota, Rhodophyta, Florideophyceae, Rhodymeniophycidae, Ceramiales, Dasyaceae, Dasya	1	47	3	50	6	21	0	15	2	20	3	2	1	16	0	2	0	0	0	18	0	7	2	15	2	7	0	2	0	1	0	28	3	24	23	16	0	15	0	19	1	10	1	9	1	7	0	13	1	14	4	14	2	15	0	15	1	9	0	30	4	12	2	1	0
1	cox2	YP_009295171.1	Dasya binghamiae	Eukaryota, Rhodophyta, Florideophyceae, Rhodymeniophycidae, Ceramiales, Dasyaceae, Dasya	1	18	0	21	4	10	1	2	0	9	1	4	0	7	1	2	0	1	0	5	1	5	0	6	1	5	1	3	0	1	0	17	1	13	8	5	1	7	2	13	3	7	0	5	1	2	0	5	1	10	1	6	1	4	0	11	0	13	1	8	0	3	1	1	0
2	cox3	YP_009295172.1	Dasya binghamiae	Eukaryota, Rhodophyta, Florideophyceae, Rhodymeniophycidae, Ceramiales, Dasyaceae, Dasya	1	22	1	17	2	7	0	5	0	9	0	1	1	9	2	1	0	1	0	2	0	3	0	9	1	5	0	4	0	0	0	13	1	9	2	8	0	3	0	8	0	0	1	5	0	3	0	8	0	8	1	7	0	2	2	4	0	5	1	8	0	6	2	1	0
3	ymf39	YP_009295173.1	Dasya binghamiae	Eukaryota, Rhodophyta, Florideophyceae, Rhodymeniophycidae, Ceramiales, Dasyaceae, Dasya	1	21	1	20	5	4	2	2	0	7	0	4	0	1	0	2	0	0	0	0	0	0	0	0	0	7	0	1	0	0	0	11	2	15	1	6	1	1	0	18	0	21	3	3	0	0	0	5	0	2	0	0	0	0	0	6	0	5	0	1	0	1	0	1	0
4	cob	YP_009295174.1	Dasya binghamiae	Eukaryota, Rhodophyta, Florideophyceae, Rhodymeniophycidae, Ceramiales, Dasyaceae, Dasya	1	33	3	41	4	6	0	3	1	19	3	2	1	11	1	5	1	3	0	14	0	6	1	13	2	4	1	2	0	3	0	32	1	17	10	8	0	9	0	16	2	8	1	8	0	5	0	8	0	13	0	11	1	7	0	6	0	7	0	16	0	9	1	0	1
5	sdh2	YP_009295188.1	Dasya binghamiae	Eukaryota, Rhodophyta, Florideophyceae, Rhodymeniophycidae, Ceramiales, Dasyaceae, Dasya	1	21	0	28	4	10	0	4	1	17	3	12	0	6	0	2	0	3	0	6	0	5	0	5	0	6	1	4	0	1	0	11	1	12	6	5	0	3	0	29	1	23	1	10	1	7	0	2	0	1	0	3	1	2	0	10	0	4	4	5	2	2	0	0	1
6	nad4L	YP_009295191.1	Dasya binghamiae	Eukaryota, Rhodophyta, Florideophyceae, Rhodymeniophycidae, Ceramiales, Dasyaceae, Dasya	1	6	0	13	4	4	0	1	1	4	0	0	0	0	0	2	0	0	0	0	0	0	0	0	0	1	1	1	0	0	0	11	0	5	8	3	0	2	0	7	0	2	0	2	1	1	0	1	0	3	0	1	0	5	0	2	0	3	0	2	0	3	0	1	0
