	GenName	GenID	OrganismName	Taxonomy	TTT	TTC	TTA	TTG	TCT	TCC	TCA	TCG	TAT	TAC	TGT	TGC	TGA	TGG	CTT	CTC	CTA	CTG	CCT	CCC	CCA	CCG	CAT	CAC	CAA	CAG	CGT	CGC	CGA	CGG	ATT	ATC	ATA	ATG	ACT	ACC	ACA	ACG	AAT	AAC	AAA	AAG	AGT	AGC	AGA	AGG	GTT	GTC	GTA	GTG	GCT	GCC	GCA	GCG	GAT	GAC	GAA	GAG	GGT	GGC	GGA	GGG	TAA	TAG
0	COX1	YP_003433903.1	Onisimus nanseni	Eukaryota, Metazoa, Ecdysozoa, Arthropoda, Crustacea, Malacostraca, Eumalacostraca, Peracarida, Amphipoda, Gammaridea, Lysianassoidea, Lysianassidae, Onisimus	38	4	39	2	15	1	11	4	7	8	0	0	12	1	15	1	13	0	11	7	7	3	9	9	7	2	3	0	4	2	32	5	24	3	14	5	15	2	10	6	4	1	7	1	9	1	13	2	16	2	25	1	8	2	9	8	2	5	20	4	16	5	1	0
1	COX2	YP_003433904.1	Onisimus nanseni	Eukaryota, Metazoa, Ecdysozoa, Arthropoda, Crustacea, Malacostraca, Eumalacostraca, Peracarida, Amphipoda, Gammaridea, Lysianassoidea, Lysianassidae, Onisimus	13	1	11	4	9	0	7	1	2	6	1	2	4	2	5	0	4	1	9	2	1	0	2	2	8	2	2	0	3	0	19	3	10	2	7	2	6	0	3	4	6	0	2	0	6	2	5	1	7	2	6	1	1	0	4	8	6	1	4	2	2	0	0	1
2	ATP8	YP_003433905.1	Onisimus nanseni	Eukaryota, Metazoa, Ecdysozoa, Arthropoda, Crustacea, Malacostraca, Eumalacostraca, Peracarida, Amphipoda, Gammaridea, Lysianassoidea, Lysianassidae, Onisimus	4	0	4	1	2	0	1	0	0	1	1	0	4	0	1	1	1	0	1	1	2	0	0	1	2	0	0	0	0	0	4	1	3	1	6	0	1	0	0	0	2	0	1	0	1	0	1	0	0	0	0	0	1	0	0	0	1	0	0	0	0	0	1	0
3	ATP6	YP_003433906.1	Onisimus nanseni	Eukaryota, Metazoa, Ecdysozoa, Arthropoda, Crustacea, Malacostraca, Eumalacostraca, Peracarida, Amphipoda, Gammaridea, Lysianassoidea, Lysianassidae, Onisimus	14	3	15	3	7	0	4	0	4	2	0	0	3	1	6	1	9	0	11	1	2	1	1	3	3	1	0	1	1	1	21	3	12	3	9	3	4	1	7	6	2	2	1	1	5	2	1	2	7	2	11	4	5	0	0	1	2	2	2	1	3	0	1	0
4	COX3	YP_003433907.1	Onisimus nanseni	Eukaryota, Metazoa, Ecdysozoa, Arthropoda, Crustacea, Malacostraca, Eumalacostraca, Peracarida, Amphipoda, Gammaridea, Lysianassoidea, Lysianassidae, Onisimus	21	3	16	2	6	0	12	0	7	0	1	0	8	5	6	0	4	0	7	0	2	0	3	11	7	2	1	1	2	0	17	2	5	1	8	2	8	0	5	1	4	0	4	3	4	0	11	1	7	6	10	2	5	1	4	1	5	2	3	2	5	6	1	0
5	ND3	YP_003433908.1	Onisimus nanseni	Eukaryota, Metazoa, Ecdysozoa, Arthropoda, Crustacea, Malacostraca, Eumalacostraca, Peracarida, Amphipoda, Gammaridea, Lysianassoidea, Lysianassidae, Onisimus	10	2	12	3	2	1	1	1	0	0	1	0	2	0	3	1	3	1	2	0	3	0	1	0	0	0	0	0	3	0	8	1	4	2	3	1	1	0	3	1	7	0	2	1	4	1	5	0	4	1	3	0	1	0	3	1	1	3	2	1	1	0	1	0
6	ND6	YP_003433909.1	Onisimus nanseni	Eukaryota, Metazoa, Ecdysozoa, Arthropoda, Crustacea, Malacostraca, Eumalacostraca, Peracarida, Amphipoda, Gammaridea, Lysianassoidea, Lysianassidae, Onisimus	18	0	22	1	6	0	1	1	3	2	1	0	2	0	1	1	7	0	1	2	3	1	1	1	0	0	0	0	0	1	13	3	11	0	4	1	13	0	2	4	4	2	1	0	4	1	4	2	5	1	3	0	3	0	0	1	2	1	2	2	1	0	1	0
7	CYTB	YP_003433910.1	Onisimus nanseni	Eukaryota, Metazoa, Ecdysozoa, Arthropoda, Crustacea, Malacostraca, Eumalacostraca, Peracarida, Amphipoda, Gammaridea, Lysianassoidea, Lysianassidae, Onisimus	28	4	24	6	12	2	9	0	11	13	1	3	6	2	9	1	11	3	7	2	7	3	3	4	8	1	1	0	2	1	15	8	18	4	9	6	6	1	10	10	13	2	5	1	6	0	10	1	14	3	9	4	3	1	1	6	6	2	8	6	3	4	0	1
8	ND2	YP_003433915.1	Onisimus nanseni	Eukaryota, Metazoa, Ecdysozoa, Arthropoda, Crustacea, Malacostraca, Eumalacostraca, Peracarida, Amphipoda, Gammaridea, Lysianassoidea, Lysianassidae, Onisimus	28	1	33	7	12	4	12	0	2	5	3	0	8	0	14	3	4	3	10	4	3	1	2	3	7	0	2	0	0	0	26	4	13	4	11	1	9	0	4	7	10	1	2	3	3	2	6	1	6	3	15	4	4	0	1	1	1	2	4	1	2	5	1	0
