	GenName	ProteinID	OrganismName	Taxonomy	Strand	TTT	TTC	TTA	TTG	TCT	TCC	TCA	TCG	TAT	TAC	TGT	TGC	TGA	TGG	CTT	CTC	CTA	CTG	CCT	CCC	CCA	CCG	CAT	CAC	CAA	CAG	CGT	CGC	CGA	CGG	ATT	ATC	ATA	ATG	ACT	ACC	ACA	ACG	AAT	AAC	AAA	AAG	AGT	AGC	GTT	GTC	GTA	GTG	GCT	GCC	GCA	GCG	GAT	GAC	GAA	GAG	GGT	GGC	GGA	GGG	TAA	TAG	AGA	AGG
0	ND1	YP_009387982.1	Thryssa dussumieri	Eukaryota, Metazoa, Chordata, Craniata, Vertebrata, Euteleostomi, Actinopterygii, Neopterygii, Teleostei, Clupei, Clupeiformes, Clupeoidei, Engraulidae, Coilinae, Thryssa	1	9	9	9	0	1	6	9	0	4	8	0	0	6	2	9	11	31	2	3	8	13	0	0	3	5	1	0	0	7	1	12	9	9	1	4	10	11	1	3	8	7	0	2	3	1	5	8	5	2	17	18	0	0	4	11	0	0	4	11	1	1	0	0	0
1	ND2	YP_009387983.1	Thryssa dussumieri	Eukaryota, Metazoa, Chordata, Craniata, Vertebrata, Euteleostomi, Actinopterygii, Neopterygii, Teleostei, Clupei, Clupeiformes, Clupeoidei, Engraulidae, Coilinae, Thryssa	1	5	1	6	0	1	9	6	0	1	5	0	2	10	1	4	19	39	4	1	10	7	0	0	8	15	1	1	2	1	0	10	17	12	2	6	24	21	0	1	12	7	2	0	5	3	0	2	0	3	24	17	0	1	0	4	0	0	6	9	1	0	0	0	0
2	COX1	YP_009387984.1	Thryssa dussumieri	Eukaryota, Metazoa, Chordata, Craniata, Vertebrata, Euteleostomi, Actinopterygii, Neopterygii, Teleostei, Clupei, Clupeiformes, Clupeoidei, Engraulidae, Coilinae, Thryssa	1	20	21	16	3	3	5	11	2	9	10	0	1	14	3	16	10	15	2	5	8	11	4	2	17	5	2	1	1	5	1	23	18	14	8	8	9	18	1	5	9	8	1	1	4	3	7	18	15	4	17	27	2	5	9	11	0	4	7	20	15	1	0	0	0
3	COX2	YP_009387985.1	Thryssa dussumieri	Eukaryota, Metazoa, Chordata, Craniata, Vertebrata, Euteleostomi, Actinopterygii, Neopterygii, Teleostei, Clupei, Clupeiformes, Clupeoidei, Engraulidae, Coilinae, Thryssa	1	3	5	4	2	1	7	5	0	5	4	1	1	5	0	4	2	10	4	3	8	3	0	5	5	7	1	0	3	3	0	12	7	11	2	3	4	3	1	3	2	4	0	1	2	3	7	10	1	3	8	4	1	4	9	11	4	2	1	4	2	0	0	0	0
4	ATP8	YP_009387986.1	Thryssa dussumieri	Eukaryota, Metazoa, Chordata, Craniata, Vertebrata, Euteleostomi, Actinopterygii, Neopterygii, Teleostei, Clupei, Clupeiformes, Clupeoidei, Engraulidae, Coilinae, Thryssa	1	2	0	1	0	1	0	1	0	0	1	0	0	5	0	1	1	3	1	3	2	4	0	1	0	1	0	0	0	0	0	5	1	3	1	2	0	1	0	1	3	2	1	0	0	0	0	0	0	0	2	0	0	0	0	3	1	0	0	1	0	1	0	0	0
5	ATP6	YP_009387987.1	Thryssa dussumieri	Eukaryota, Metazoa, Chordata, Craniata, Vertebrata, Euteleostomi, Actinopterygii, Neopterygii, Teleostei, Clupei, Clupeiformes, Clupeoidei, Engraulidae, Coilinae, Thryssa	1	4	8	10	1	0	1	2	0	1	4	0	0	5	0	9	9	15	3	1	6	10	0	3	0	9	1	0	3	2	1	12	11	7	4	3	8	10	2	3	7	1	0	0	5	2	4	6	1	3	3	13	0	0	1	5	0	0	1	6	1	0	0	0	0
6	COX3	YP_009387988.1	Thryssa dussumieri	Eukaryota, Metazoa, Chordata, Craniata, Vertebrata, Euteleostomi, Actinopterygii, Neopterygii, Teleostei, Clupei, Clupeiformes, Clupeoidei, Engraulidae, Coilinae, Thryssa	1	11	14	2	1	4	2	5	0	2	9	0	2	12	0	4	8	14	2	2	6	4	0	2	14	8	0	1	1	3	0	7	9	6	1	3	11	10	1	0	2	2	0	0	3	3	4	7	1	2	8	11	0	1	4	8	1	1	10	4	8	0	0	0	0
7	ND3	YP_009387989.1	Thryssa dussumieri	Eukaryota, Metazoa, Chordata, Craniata, Vertebrata, Euteleostomi, Actinopterygii, Neopterygii, Teleostei, Clupei, Clupeiformes, Clupeoidei, Engraulidae, Coilinae, Thryssa	1	6	1	4	0	1	2	1	1	0	2	1	0	3	2	8	4	9	3	2	3	2	1	0	0	3	0	0	1	1	0	2	7	2	2	0	3	3	0	1	3	2	0	0	0	1	2	2	0	1	2	5	0	0	3	7	0	1	3	3	0	0	0	0	0
8	ND4L	YP_009387990.1	Thryssa dussumieri	Eukaryota, Metazoa, Chordata, Craniata, Vertebrata, Euteleostomi, Actinopterygii, Neopterygii, Teleostei, Clupei, Clupeiformes, Clupeoidei, Engraulidae, Coilinae, Thryssa	1	4	3	3	0	2	1	3	0	0	0	1	2	1	0	3	5	8	1	0	1	2	0	1	3	3	0	0	0	3	0	3	0	6	1	1	3	6	0	2	1	0	0	1	1	0	0	1	1	1	5	6	0	0	1	2	0	0	2	4	0	1	0	0	0
9	ND4	YP_009387991.1	Thryssa dussumieri	Eukaryota, Metazoa, Chordata, Craniata, Vertebrata, Euteleostomi, Actinopterygii, Neopterygii, Teleostei, Clupei, Clupeiformes, Clupeoidei, Engraulidae, Coilinae, Thryssa	1	7	10	14	1	3	7	9	0	4	10	1	3	18	2	11	22	35	4	5	11	8	3	1	10	11	2	1	4	4	2	17	21	22	4	5	19	22	0	2	11	9	0	2	9	1	7	5	2	5	15	19	0	0	5	7	3	4	8	9	4	0	0	0	0
10	ND5	YP_009387992.1	Thryssa dussumieri	Eukaryota, Metazoa, Chordata, Craniata, Vertebrata, Euteleostomi, Actinopterygii, Neopterygii, Teleostei, Clupei, Clupeiformes, Clupeoidei, Engraulidae, Coilinae, Thryssa	1	14	25	9	1	4	8	20	0	5	7	2	4	12	2	17	17	39	4	3	16	10	0	3	10	20	0	0	3	6	0	23	28	28	5	12	30	31	2	3	26	18	4	2	9	5	3	13	1	5	23	23	0	3	10	10	2	1	6	21	4	1	0	0	0
11	CYTB	YP_009387994.1	Thryssa dussumieri	Eukaryota, Metazoa, Chordata, Craniata, Vertebrata, Euteleostomi, Actinopterygii, Neopterygii, Teleostei, Clupei, Clupeiformes, Clupeoidei, Engraulidae, Coilinae, Thryssa	1	10	20	9	1	2	8	11	0	4	10	2	1	13	0	8	14	25	2	2	9	8	2	3	9	6	0	0	0	6	2	11	20	9	3	2	10	8	0	9	11	7	1	0	1	4	5	14	2	4	10	17	1	0	11	6	0	1	8	14	4	0	0	0	0
