	GenName	ProteinID	OrganismName	Taxonomy	Strand	TTT	TTC	TTA	TTG	TCT	TCC	TCA	TCG	TAT	TAC	TGT	TGC	TGA	TGG	CTT	CTC	CTA	CTG	CCT	CCC	CCA	CCG	CAT	CAC	CAA	CAG	CGT	CGC	CGA	CGG	ATT	ATC	ATA	ATG	ACT	ACC	ACA	ACG	AAT	AAC	AAA	AAG	AGT	AGC	GTT	GTC	GTA	GTG	GCT	GCC	GCA	GCG	GAT	GAC	GAA	GAG	GGT	GGC	GGA	GGG	TAA	TAG	AGA	AGG
0	ND1	YP_009443226.1	Gelochelidon nilotica	Eukaryota, Metazoa, Chordata, Craniata, Vertebrata, Euteleostomi, Archelosauria, Archosauria, Dinosauria, Saurischia, Theropoda, Coelurosauria, Aves, Neognathae, Charadriiformes, Laridae, Gelochelidon	1	6	12	14	2	8	5	7	4	4	10	1	1	7	1	12	11	25	3	7	3	12	1	1	3	4	2	2	2	3	1	12	11	11	3	6	8	7	0	2	9	6	1	1	5	0	3	8	1	8	10	11	0	1	3	8	3	3	5	3	2	0	0	0	1
1	ND2	YP_009443227.1	Gelochelidon nilotica	Eukaryota, Metazoa, Chordata, Craniata, Vertebrata, Euteleostomi, Archelosauria, Archosauria, Dinosauria, Saurischia, Theropoda, Coelurosauria, Aves, Neognathae, Charadriiformes, Laridae, Gelochelidon	1	3	11	10	0	2	9	16	0	1	7	0	1	8	2	8	14	27	4	2	7	8	2	3	7	5	4	0	1	2	0	11	20	15	2	11	15	20	0	2	10	13	1	0	3	2	4	7	1	7	11	7	0	0	1	5	0	1	4	8	1	0	0	0	0
2	COX1	YP_009443228.1	Gelochelidon nilotica	Eukaryota, Metazoa, Chordata, Craniata, Vertebrata, Euteleostomi, Archelosauria, Archosauria, Dinosauria, Saurischia, Theropoda, Coelurosauria, Aves, Neognathae, Charadriiformes, Laridae, Gelochelidon	1	13	28	14	0	2	12	10	1	1	17	0	1	16	1	8	10	28	3	9	6	15	1	7	12	6	3	1	1	6	0	14	27	22	3	8	14	16	0	1	14	9	0	0	3	5	6	21	2	17	16	12	2	5	10	10	0	13	14	15	5	0	0	0	1
3	COX2	YP_009443229.1	Gelochelidon nilotica	Eukaryota, Metazoa, Chordata, Craniata, Vertebrata, Euteleostomi, Archelosauria, Archosauria, Dinosauria, Saurischia, Theropoda, Coelurosauria, Aves, Neognathae, Charadriiformes, Laridae, Gelochelidon	1	3	6	5	0	4	4	8	1	1	7	1	2	5	0	5	11	9	1	3	6	4	0	4	5	7	0	2	0	3	0	8	11	6	4	3	5	4	1	2	2	4	0	1	3	4	4	7	0	3	6	6	0	3	9	13	2	1	4	4	0	1	0	0	0
4	ATP8	YP_009443230.1	Gelochelidon nilotica	Eukaryota, Metazoa, Chordata, Craniata, Vertebrata, Euteleostomi, Archelosauria, Archosauria, Dinosauria, Saurischia, Theropoda, Coelurosauria, Aves, Neognathae, Charadriiformes, Laridae, Gelochelidon	1	2	2	1	0	1	1	3	0	0	0	0	0	5	0	2	1	2	1	2	2	4	0	0	0	2	0	0	0	0	0	1	2	1	1	4	4	2	1	1	3	3	0	0	0	0	0	0	0	0	1	0	0	0	0	0	0	0	0	0	0	1	0	0	0
5	ATP6	YP_009443231.1	Gelochelidon nilotica	Eukaryota, Metazoa, Chordata, Craniata, Vertebrata, Euteleostomi, Archelosauria, Archosauria, Dinosauria, Saurischia, Theropoda, Coelurosauria, Aves, Neognathae, Charadriiformes, Laridae, Gelochelidon	1	5	4	9	0	1	5	1	1	0	3	0	1	4	0	8	12	30	2	2	7	7	1	0	4	8	0	0	3	2	0	4	14	8	2	4	9	11	1	0	8	3	0	0	5	1	3	2	1	2	7	8	0	2	0	4	0	2	5	1	0	1	0	0	0
6	COX3	YP_009443232.1	Gelochelidon nilotica	Eukaryota, Metazoa, Chordata, Craniata, Vertebrata, Euteleostomi, Archelosauria, Archosauria, Dinosauria, Saurischia, Theropoda, Coelurosauria, Aves, Neognathae, Charadriiformes, Laridae, Gelochelidon	1	2	22	7	0	3	5	7	0	2	8	0	1	12	0	0	6	16	2	0	8	4	0	2	14	7	1	0	1	4	0	6	11	6	3	3	6	12	0	0	5	4	0	0	4	3	3	9	0	2	5	13	0	2	2	6	2	5	4	10	1	0	0	0	0
7	ND3	YP_009443233.1	Gelochelidon nilotica	Eukaryota, Metazoa, Chordata, Craniata, Vertebrata, Euteleostomi, Archelosauria, Archosauria, Dinosauria, Saurischia, Theropoda, Coelurosauria, Aves, Neognathae, Charadriiformes, Laridae, Gelochelidon	1	3	5	0	1	1	5	0	0	1	1	1	0	3	2	5	4	16	0	0	1	7	0	0	0	4	0	0	1	1	0	4	9	5	0	1	6	1	1	0	3	0	1	1	0	0	0	2	0	0	2	4	0	0	3	5	1	1	1	3	0	1	0	0	0
8	ND4L	YP_009443234.1	Gelochelidon nilotica	Eukaryota, Metazoa, Chordata, Craniata, Vertebrata, Euteleostomi, Archelosauria, Archosauria, Dinosauria, Saurischia, Theropoda, Coelurosauria, Aves, Neognathae, Charadriiformes, Laridae, Gelochelidon	1	2	3	6	0	3	1	5	0	1	1	1	2	1	0	1	2	11	2	0	1	1	0	2	4	2	1	0	0	2	0	1	1	6	1	0	3	3	1	0	3	0	0	0	4	0	0	2	1	1	4	5	0	0	1	2	0	1	1	2	0	1	0	0	0
9	ND4	YP_009443235.1	Gelochelidon nilotica	Eukaryota, Metazoa, Chordata, Craniata, Vertebrata, Euteleostomi, Archelosauria, Archosauria, Dinosauria, Saurischia, Theropoda, Coelurosauria, Aves, Neognathae, Charadriiformes, Laridae, Gelochelidon	1	2	12	15	1	6	7	14	1	3	10	1	2	11	1	10	25	47	6	2	12	12	1	7	9	12	1	1	4	6	0	11	29	25	2	9	20	20	0	3	11	8	1	2	9	1	2	5	0	6	14	11	0	1	1	7	2	4	5	8	1	0	0	0	0
10	ND5	YP_009443236.1	Gelochelidon nilotica	Eukaryota, Metazoa, Chordata, Craniata, Vertebrata, Euteleostomi, Archelosauria, Archosauria, Dinosauria, Saurischia, Theropoda, Coelurosauria, Aves, Neognathae, Charadriiformes, Laridae, Gelochelidon	1	8	27	13	0	6	17	17	1	3	9	3	2	8	4	15	25	39	4	5	6	15	0	2	8	19	1	1	4	3	2	16	39	32	2	15	32	27	0	6	19	20	1	2	10	1	6	5	2	14	23	12	0	2	6	10	3	5	8	17	2	0	0	1	0
11	CYTB	YP_009443237.1	Gelochelidon nilotica	Eukaryota, Metazoa, Chordata, Craniata, Vertebrata, Euteleostomi, Archelosauria, Archosauria, Dinosauria, Saurischia, Theropoda, Coelurosauria, Aves, Neognathae, Charadriiformes, Laridae, Gelochelidon	1	5	24	8	0	6	4	11	2	4	9	1	3	10	1	5	14	39	3	3	10	11	1	7	5	5	3	1	3	4	0	6	22	8	1	5	13	10	0	2	20	8	2	0	2	2	4	9	1	8	10	7	0	0	6	6	1	7	5	8	5	1	0	0	0
