	GenName	ProteinID	OrganismName	Taxonomy	Strand	TTT	TTC	TTA	TTG	TCT	TCC	TCA	TCG	TAT	TAC	TGT	TGC	TGA	TGG	CTT	CTC	CTA	CTG	CCT	CCC	CCA	CCG	CAT	CAC	CAA	CAG	CGT	CGC	CGA	CGG	ATT	ATC	ATA	ATG	ACT	ACC	ACA	ACG	AAT	AAC	AAA	AAG	AGT	AGC	GTT	GTC	GTA	GTG	GCT	GCC	GCA	GCG	GAT	GAC	GAA	GAG	GGT	GGC	GGA	GGG	TAA	TAG	AGA	AGG
0	ND1	NP_443294.1	Lampris guttatus	Eukaryota, Metazoa, Chordata, Craniata, Vertebrata, Euteleostomi, Actinopterygii, Neopterygii, Teleostei, Neoteleostei, Acanthomorphata, Lampriformes, Lampridae, Lampris	1	11	8	8	1	3	11	5	0	3	9	0	0	6	1	8	15	19	7	3	12	7	0	1	4	7	0	0	2	4	1	7	12	8	3	5	14	6	0	4	5	6	1	1	5	6	4	9	1	6	20	10	0	1	3	7	4	0	7	5	4	1	0	0	0
1	ND2	NP_443295.1	Lampris guttatus	Eukaryota, Metazoa, Chordata, Craniata, Vertebrata, Euteleostomi, Actinopterygii, Neopterygii, Teleostei, Neoteleostei, Acanthomorphata, Lampriformes, Lampridae, Lampris	1	5	5	3	1	4	11	3	0	5	2	0	0	9	2	19	28	16	8	5	16	3	2	1	5	9	3	1	1	0	2	15	15	11	3	2	28	11	2	2	7	5	3	0	8	3	1	0	1	4	31	5	0	0	2	3	1	1	7	7	1	0	1	0	0
2	COX1	NP_443296.1	Lampris guttatus	Eukaryota, Metazoa, Chordata, Craniata, Vertebrata, Euteleostomi, Actinopterygii, Neopterygii, Teleostei, Neoteleostei, Acanthomorphata, Lampriformes, Lampridae, Lampris	1	20	22	6	0	4	15	5	1	6	11	0	1	10	7	15	16	20	6	6	18	4	1	5	15	5	2	0	1	7	1	22	15	13	10	6	15	10	4	6	9	3	7	0	4	9	13	16	7	9	30	8	0	2	12	5	8	2	10	21	13	0	0	0	1
3	COX2	NP_443297.1	Lampris guttatus	Eukaryota, Metazoa, Chordata, Craniata, Vertebrata, Euteleostomi, Actinopterygii, Neopterygii, Teleostei, Neoteleostei, Acanthomorphata, Lampriformes, Lampridae, Lampris	1	3	6	4	0	1	5	6	0	6	3	0	2	5	0	6	4	13	2	2	10	2	0	2	9	4	4	0	0	5	1	11	10	7	3	1	5	6	1	1	2	3	1	0	3	2	6	6	2	2	9	7	0	6	8	9	5	1	3	4	1	0	0	0	0
4	ATP8	NP_443298.1	Lampris guttatus	Eukaryota, Metazoa, Chordata, Craniata, Vertebrata, Euteleostomi, Actinopterygii, Neopterygii, Teleostei, Neoteleostei, Acanthomorphata, Lampriformes, Lampridae, Lampris	1	1	2	0	0	1	0	0	0	1	1	0	0	5	0	1	1	1	2	3	4	4	0	0	2	2	0	0	0	0	0	1	2	0	1	1	3	2	0	0	2	3	0	0	0	0	1	0	0	2	2	1	0	0	2	1	0	0	0	0	0	1	0	0	0
5	ATP6	NP_443299.1	Lampris guttatus	Eukaryota, Metazoa, Chordata, Craniata, Vertebrata, Euteleostomi, Actinopterygii, Neopterygii, Teleostei, Neoteleostei, Acanthomorphata, Lampriformes, Lampridae, Lampris	1	9	2	9	0	1	3	1	0	3	1	0	0	5	0	9	16	19	3	5	10	1	0	1	3	6	3	0	4	2	1	8	8	5	3	2	13	8	1	2	6	1	0	0	5	5	6	2	0	3	10	5	2	0	1	4	0	0	5	3	2	1	0	0	0
6	COX3	NP_443300.1	Lampris guttatus	Eukaryota, Metazoa, Chordata, Craniata, Vertebrata, Euteleostomi, Actinopterygii, Neopterygii, Teleostei, Neoteleostei, Acanthomorphata, Lampriformes, Lampridae, Lampris	1	10	15	2	1	4	4	2	1	6	5	0	2	12	0	9	6	12	4	2	7	2	1	2	14	6	2	0	3	2	0	7	7	3	2	3	10	6	2	1	1	0	2	1	2	3	3	9	2	4	18	4	0	2	3	6	3	0	9	9	3	0	0	0	0
7	ND3	NP_443301.1	Lampris guttatus	Eukaryota, Metazoa, Chordata, Craniata, Vertebrata, Euteleostomi, Actinopterygii, Neopterygii, Teleostei, Neoteleostei, Acanthomorphata, Lampriformes, Lampridae, Lampris	1	6	4	0	1	1	5	1	0	1	2	1	0	4	1	4	8	8	6	0	5	4	0	0	0	1	2	0	0	2	0	4	4	1	1	2	5	0	0	0	0	0	1	0	1	0	4	0	0	1	7	2	0	0	4	1	5	0	5	1	0	0	1	0	0
8	ND4L	NP_443302.1	Lampris guttatus	Eukaryota, Metazoa, Chordata, Craniata, Vertebrata, Euteleostomi, Actinopterygii, Neopterygii, Teleostei, Neoteleostei, Acanthomorphata, Lampriformes, Lampridae, Lampris	1	4	3	1	0	2	7	1	0	0	1	1	2	1	0	4	10	4	3	1	1	0	0	0	3	3	1	0	2	1	0	1	1	4	1	2	3	2	0	1	1	0	0	1	0	2	0	3	1	0	8	2	0	0	1	1	1	0	3	2	1	1	0	0	0
9	ND4	NP_443303.1	Lampris guttatus	Eukaryota, Metazoa, Chordata, Craniata, Vertebrata, Euteleostomi, Actinopterygii, Neopterygii, Teleostei, Neoteleostei, Acanthomorphata, Lampriformes, Lampridae, Lampris	1	9	9	9	1	5	12	7	0	4	8	0	4	14	4	18	35	27	11	5	15	6	0	1	12	10	1	1	4	5	1	20	9	17	7	4	21	8	3	3	9	3	6	2	4	8	7	3	0	6	28	10	1	0	2	8	5	1	11	8	8	0	0	0	0
10	ND5	NP_443304.1	Lampris guttatus	Eukaryota, Metazoa, Chordata, Craniata, Vertebrata, Euteleostomi, Actinopterygii, Neopterygii, Teleostei, Neoteleostei, Acanthomorphata, Lampriformes, Lampridae, Lampris	1	13	23	14	0	14	11	6	1	7	5	1	5	13	1	23	25	33	8	7	19	5	2	1	15	12	6	1	1	5	3	18	23	24	3	8	29	11	3	8	20	15	6	3	13	10	9	8	2	4	43	15	3	4	6	7	5	0	15	9	7	1	0	0	0
11	CYTB	NP_443306.1	Lampris guttatus	Eukaryota, Metazoa, Chordata, Craniata, Vertebrata, Euteleostomi, Actinopterygii, Neopterygii, Teleostei, Neoteleostei, Acanthomorphata, Lampriformes, Lampridae, Lampris	1	10	20	2	1	3	14	5	2	7	8	0	3	10	3	12	23	22	4	3	9	8	1	1	10	6	0	0	0	7	1	9	17	7	2	5	14	6	1	3	12	7	3	1	2	6	10	10	0	2	19	5	1	5	6	3	2	0	12	9	6	0	0	0	0
