	GenName	ProteinID	OrganismName	Taxonomy	Strand	TTT	TTC	TTA	TTG	TCT	TCC	TCA	TCG	TAT	TAC	TGT	TGC	TGA	TGG	CTT	CTC	CTA	CTG	CCT	CCC	CCA	CCG	CAT	CAC	CAA	CAG	CGT	CGC	CGA	CGG	ATT	ATC	ATA	ATG	ACT	ACC	ACA	ACG	AAT	AAC	AAA	AAG	AGT	AGC	GTT	GTC	GTA	GTG	GCT	GCC	GCA	GCG	GAT	GAC	GAA	GAG	GGT	GGC	GGA	GGG	TAA	TAG	AGA	AGG
0	ND1	YP_009943926.1	Regulus satrapa	Eukaryota, Metazoa, Chordata, Craniata, Vertebrata, Euteleostomi, Archelosauria, Archosauria, Dinosauria, Saurischia, Theropoda, Coelurosauria, Aves, Neognathae, Passeriformes, Sylvioidea, Sylviidae, Regulus	1	5	13	9	0	1	5	12	0	8	6	0	3	7	1	7	9	32	8	2	3	18	2	1	2	5	1	1	2	4	1	12	16	8	3	4	6	8	0	1	10	6	1	1	6	1	5	8	0	4	15	12	1	1	3	9	2	1	7	4	2	0	0	0	1
1	ND2	YP_009943927.1	Regulus satrapa	Eukaryota, Metazoa, Chordata, Craniata, Vertebrata, Euteleostomi, Archelosauria, Archosauria, Dinosauria, Saurischia, Theropoda, Coelurosauria, Aves, Neognathae, Passeriformes, Sylvioidea, Sylviidae, Regulus	1	3	10	9	0	2	8	10	2	3	4	1	1	8	2	10	10	31	5	5	3	14	1	3	6	6	5	1	1	1	0	17	12	14	6	13	12	16	0	2	10	14	0	1	4	5	1	3	2	4	12	15	0	0	2	4	0	1	7	2	2	0	0	0	0
2	COX2	YP_009943929.1	Regulus satrapa	Eukaryota, Metazoa, Chordata, Craniata, Vertebrata, Euteleostomi, Archelosauria, Archosauria, Dinosauria, Saurischia, Theropoda, Coelurosauria, Aves, Neognathae, Passeriformes, Sylvioidea, Sylviidae, Regulus	1	1	7	6	0	3	3	10	1	3	4	0	3	5	0	4	6	9	7	1	1	10	0	2	6	7	0	0	3	3	0	4	11	9	2	1	7	4	1	1	4	5	0	1	4	9	4	4	1	7	7	2	0	4	8	13	1	0	1	7	0	1	0	0	0
3	ATP8	YP_009943930.1	Regulus satrapa	Eukaryota, Metazoa, Chordata, Craniata, Vertebrata, Euteleostomi, Archelosauria, Archosauria, Dinosauria, Saurischia, Theropoda, Coelurosauria, Aves, Neognathae, Passeriformes, Sylvioidea, Sylviidae, Regulus	1	2	2	0	0	1	1	2	0	0	0	0	0	5	0	0	0	3	0	2	1	6	0	0	1	2	0	0	0	0	0	2	4	1	2	3	3	3	0	0	3	2	0	0	2	0	0	1	0	0	0	1	0	0	0	0	0	0	0	0	0	1	0	0	0
4	ATP6	YP_009943931.1	Regulus satrapa	Eukaryota, Metazoa, Chordata, Craniata, Vertebrata, Euteleostomi, Archelosauria, Archosauria, Dinosauria, Saurischia, Theropoda, Coelurosauria, Aves, Neognathae, Passeriformes, Sylvioidea, Sylviidae, Regulus	1	0	10	7	0	2	3	4	1	1	2	0	0	4	0	6	9	35	5	4	0	11	0	0	3	7	1	0	2	3	0	7	11	8	1	2	7	13	0	1	9	4	0	0	4	2	2	3	3	3	7	5	1	0	1	4	0	1	3	3	2	1	0	0	0
5	COX3	YP_009943932.1	Regulus satrapa	Eukaryota, Metazoa, Chordata, Craniata, Vertebrata, Euteleostomi, Archelosauria, Archosauria, Dinosauria, Saurischia, Theropoda, Coelurosauria, Aves, Neognathae, Passeriformes, Sylvioidea, Sylviidae, Regulus	1	7	21	4	0	2	2	6	0	3	7	0	1	12	0	0	7	15	2	1	3	9	1	4	11	6	2	1	0	3	1	6	9	6	2	6	6	9	0	0	4	3	1	0	4	6	4	6	1	8	9	8	0	3	2	6	2	1	9	7	2	0	0	0	0
6	ND3	YP_009943933.1	Regulus satrapa	Eukaryota, Metazoa, Chordata, Craniata, Vertebrata, Euteleostomi, Archelosauria, Archosauria, Dinosauria, Saurischia, Theropoda, Coelurosauria, Aves, Neognathae, Passeriformes, Sylvioidea, Sylviidae, Regulus	1	5	5	5	0	0	5	3	0	1	1	1	0	3	2	1	5	15	2	1	1	5	0	0	0	4	0	0	1	1	0	1	5	4	0	4	3	2	0	0	3	1	0	0	1	0	1	2	0	1	6	1	0	0	3	6	0	0	0	4	1	1	0	0	0
7	ND4L	YP_009943934.1	Regulus satrapa	Eukaryota, Metazoa, Chordata, Craniata, Vertebrata, Euteleostomi, Archelosauria, Archosauria, Dinosauria, Saurischia, Theropoda, Coelurosauria, Aves, Neognathae, Passeriformes, Sylvioidea, Sylviidae, Regulus	1	1	4	2	1	1	4	3	0	0	2	2	2	1	0	2	1	13	2	0	1	1	0	1	7	2	0	0	0	2	0	0	2	5	1	0	3	5	0	1	2	0	0	0	2	0	3	1	0	2	4	4	0	0	1	1	1	0	4	1	0	1	0	0	0
8	ND4	YP_009943935.1	Regulus satrapa	Eukaryota, Metazoa, Chordata, Craniata, Vertebrata, Euteleostomi, Archelosauria, Archosauria, Dinosauria, Saurischia, Theropoda, Coelurosauria, Aves, Neognathae, Passeriformes, Sylvioidea, Sylviidae, Regulus	1	4	9	15	1	4	9	15	0	3	12	0	4	10	2	7	12	52	9	3	11	17	0	2	11	11	2	0	1	10	1	13	30	19	7	6	10	18	0	2	11	10	1	2	10	2	7	5	0	14	16	9	0	0	3	8	2	1	10	4	2	0	0	0	0
9	ND5	YP_009943936.1	Regulus satrapa	Eukaryota, Metazoa, Chordata, Craniata, Vertebrata, Euteleostomi, Archelosauria, Archosauria, Dinosauria, Saurischia, Theropoda, Coelurosauria, Aves, Neognathae, Passeriformes, Sylvioidea, Sylviidae, Regulus	1	7	28	12	1	6	13	20	0	2	15	1	5	12	0	4	18	56	4	5	8	16	1	4	10	17	2	0	4	5	0	13	43	26	4	9	25	27	1	3	19	20	0	1	10	3	5	14	1	11	28	13	0	0	10	10	0	1	12	16	4	0	0	1	0
10	CYTB	YP_009943937.1	Regulus satrapa	Eukaryota, Metazoa, Chordata, Craniata, Vertebrata, Euteleostomi, Archelosauria, Archosauria, Dinosauria, Saurischia, Theropoda, Coelurosauria, Aves, Neognathae, Passeriformes, Sylvioidea, Sylviidae, Regulus	1	4	28	7	0	2	9	12	0	1	11	0	4	11	0	4	11	39	3	3	4	18	1	2	10	7	0	2	3	3	0	9	19	5	5	6	9	8	0	7	14	7	3	0	1	6	6	8	0	5	12	11	0	1	7	7	0	3	10	11	1	1	0	0	0
