	GenName	ProteinID	OrganismName	Taxonomy	Strand	TTT	TTC	TTA	TTG	TCT	TCC	TCA	TCG	TAT	TAC	TGT	TGC	TGA	TGG	CTT	CTC	CTA	CTG	CCT	CCC	CCA	CCG	CAT	CAC	CAA	CAG	CGT	CGC	CGA	CGG	ATT	ATC	ATA	ATG	ACT	ACC	ACA	ACG	AAT	AAC	AAA	AAG	AGT	AGC	AGA	AGG	GTT	GTC	GTA	GTG	GCT	GCC	GCA	GCG	GAT	GAC	GAA	GAG	GGT	GGC	GGA	GGG	TAA	TAG
0	ND2	YP_009537805.1	Moduza lysanias	Eukaryota, Metazoa, Ecdysozoa, Arthropoda, Hexapoda, Insecta, Pterygota, Neoptera, Endopterygota, Lepidoptera, Glossata, Ditrysia, Papilionoidea, Nymphalidae, Limenitidinae, Limenitidini, Moduza	1	52	8	37	1	13	3	16	0	10	1	3	0	9	0	7	0	3	0	5	1	1	0	2	0	4	0	1	0	1	0	48	4	18	1	4	3	1	0	31	1	11	1	2	1	5	0	4	0	3	0	4	0	1	0	0	0	4	0	6	0	5	0	1	0
1	COX1	YP_009537806.1	Moduza lysanias	Eukaryota, Metazoa, Ecdysozoa, Arthropoda, Hexapoda, Insecta, Pterygota, Neoptera, Endopterygota, Lepidoptera, Glossata, Ditrysia, Papilionoidea, Nymphalidae, Limenitidinae, Limenitidini, Moduza	1	36	4	47	1	21	2	15	0	17	2	0	0	14	0	12	1	3	0	11	6	8	0	15	1	9	0	7	0	2	0	58	0	30	0	14	1	13	0	22	2	5	1	6	0	3	0	12	2	9	1	14	3	10	0	12	3	9	0	14	2	30	1	0	0
2	COX2	YP_009537807.1	Moduza lysanias	Eukaryota, Metazoa, Ecdysozoa, Arthropoda, Hexapoda, Insecta, Pterygota, Neoptera, Endopterygota, Lepidoptera, Glossata, Ditrysia, Papilionoidea, Nymphalidae, Limenitidinae, Limenitidini, Moduza	1	11	3	20	1	9	0	5	0	9	1	1	1	6	0	5	0	2	0	5	2	2	0	5	0	8	0	0	0	7	0	34	0	7	1	5	0	6	0	21	1	4	0	4	0	3	0	2	0	5	0	5	0	2	0	8	1	9	0	2	1	2	0	0	0
3	ATP8	YP_009537808.1	Moduza lysanias	Eukaryota, Metazoa, Ecdysozoa, Arthropoda, Hexapoda, Insecta, Pterygota, Neoptera, Endopterygota, Lepidoptera, Glossata, Ditrysia, Papilionoidea, Nymphalidae, Limenitidinae, Limenitidini, Moduza	1	8	1	0	0	2	0	0	0	3	0	0	0	3	0	0	0	0	0	2	0	0	0	0	0	1	0	0	0	0	0	10	2	5	0	0	0	0	0	13	0	4	0	0	0	0	0	0	0	0	0	0	0	0	0	0	0	0	0	0	0	0	0	1	0
4	ATP6	YP_009537809.1	Moduza lysanias	Eukaryota, Metazoa, Ecdysozoa, Arthropoda, Hexapoda, Insecta, Pterygota, Neoptera, Endopterygota, Lepidoptera, Glossata, Ditrysia, Papilionoidea, Nymphalidae, Limenitidinae, Limenitidini, Moduza	1	19	2	30	1	7	1	5	0	6	2	0	0	5	0	2	0	2	0	7	1	2	0	6	0	4	0	2	0	1	0	31	0	10	1	13	1	4	0	19	1	2	0	7	0	3	0	1	1	5	1	1	1	3	0	1	0	5	0	3	0	5	1	1	0
5	COX3	YP_009537810.1	Moduza lysanias	Eukaryota, Metazoa, Ecdysozoa, Arthropoda, Hexapoda, Insecta, Pterygota, Neoptera, Endopterygota, Lepidoptera, Glossata, Ditrysia, Papilionoidea, Nymphalidae, Limenitidinae, Limenitidini, Moduza	1	21	5	22	0	3	1	4	0	11	1	2	0	13	0	5	0	1	1	7	0	2	0	11	4	6	0	2	0	2	0	29	1	7	1	15	1	6	0	12	1	3	1	4	0	4	0	6	0	7	1	4	1	6	0	4	0	7	0	4	1	12	0	1	0
6	ND3	YP_009537811.1	Moduza lysanias	Eukaryota, Metazoa, Ecdysozoa, Arthropoda, Hexapoda, Insecta, Pterygota, Neoptera, Endopterygota, Lepidoptera, Glossata, Ditrysia, Papilionoidea, Nymphalidae, Limenitidinae, Limenitidini, Moduza	1	16	1	10	0	6	0	2	0	1	0	2	0	3	0	4	0	0	0	3	0	2	0	2	0	1	0	1	0	1	0	17	4	7	0	2	0	2	0	7	1	5	0	0	0	2	0	1	0	3	0	2	0	0	0	2	1	3	1	1	0	1	0	1	0
7	ND6	YP_009537815.1	Moduza lysanias	Eukaryota, Metazoa, Ecdysozoa, Arthropoda, Hexapoda, Insecta, Pterygota, Neoptera, Endopterygota, Lepidoptera, Glossata, Ditrysia, Papilionoidea, Nymphalidae, Limenitidinae, Limenitidini, Moduza	1	24	2	23	0	4	1	7	0	9	0	1	0	3	0	5	0	1	0	2	0	0	0	2	0	2	0	0	0	1	0	26	1	10	0	3	0	3	0	17	1	7	0	1	0	2	0	2	0	3	0	1	0	2	0	2	0	3	0	1	0	4	0	1	0
8	CYTB	YP_009537816.1	Moduza lysanias	Eukaryota, Metazoa, Ecdysozoa, Arthropoda, Hexapoda, Insecta, Pterygota, Neoptera, Endopterygota, Lepidoptera, Glossata, Ditrysia, Papilionoidea, Nymphalidae, Limenitidinae, Limenitidini, Moduza	1	34	3	46	0	8	1	8	0	18	0	3	0	11	1	6	1	3	0	10	1	10	0	7	1	8	0	2	0	5	0	49	4	11	1	10	4	12	0	23	3	11	0	0	0	2	0	6	1	8	0	8	0	9	0	8	0	3	0	6	0	17	0	0	1
