Species	Gene	Code	CDS	Sequence
Cuneopsis capitatus	ND4L	5	0	GTGTGGTTTTTTCCTATTATGGGTGTGGGGGTTATTGGTGTTATGGTGGGTGGGGTATGTCTAATATCTCAGCGAAAGAGTCTATTTGGGGCTTTGTTAAGGATAGAGGTTTTTACTTTGGGGGTGTACATTATGATTTTTGGGTTGGTTTGTTTTCAAGGTTGATTAAGGAGTGTGTGCTTGATTTTTTTGGCTTTTGGAGTTTGTGAGGCTGCTCTTGGGTTGAGTGTGTTGGTTTCGTTGGTTCGTAGTATTGGAAGTGATTACGTAGGTGGATTGGTTTTGGGCCATTTTTAG
Squalus montalbani	ND4L	2	0	ATGTCCACCGTCCACTTTAGTTTTAGTTCAGCATTTATCCTAGGTTTAATAGGCCTCGCATTCAACCGATCACACCTTCTATCCGCCCTCCTCTGCTTAGAGGGAATAATATTATCTTTATTTATTGCTATTGCCCTCTGATCAATAACATTAAATTCCACCTCGTGCTCAATCACTCCAATAATTCTTTTAACTTTTTCTGCCTGTGAAGCAGGCGCAGGCCTTGCCCTTCTAGTGGCAGCTACACGAACCCATGGCTCCGACCACCTCCAAAACTTAAATTTATTACAATGTTAA
Pterocles burchelli	ND4L	2	0	ATGTCACCCATACACCTAAGCTTCTACTCAGCCTTTATCTTAAGCAGCCTAGGACTTGCCTTCCACCGAACCCATTTAATCTCTGCCCTCCTATGTTTAGAAAGCATAATACTGTCTATATACATTGCCCTATCAATATGACCTGTTGAAAATCAAACCCCATCACTCACCCTAACCCCCATACTCATATTAGCATTCTCTGCCTGCGAAGCGGGAACAGGCCTAGCAATACTAGTAGCCTCTACGCGAACTCACGGTTCAGATCACCTCCACAACCTAAACCTCCTACAATGCTAA
Pseudomyxus capensis	ND4L	2	0	ATGACCCCAATCCACTTTGCTTTCTCATCAGCCTTTCTCTTGGGCCTAGCAGGCCTAGCATTTAACCGAGCCCACCTCCTTTCTGCCCTCTTATGCTTAGAAGGCATGCTTCTCTCCCTTTTTATTGCCCTATCTGTCTGGGCCCTCCAACTTAACACTCTGAATTTTTCAATCGCCCCGATGATTCTTCTAGCTTTCTCAGCCTGTGAAGCAAGTGCCGGACTGGCATTACTAGTTGCAACCGCTCGCACCCATGGAACTGACCGCCTAAAAAATTTTAACCTGCTACAGTGCTAA
Cyathocotyle prussica	ND4L	9	0	ATGGATTGCGACGTGATTAGTGTTGTTTTATTGTTTGGTGGAATTTTAGCTTTATTTAGTTTTATATTGTCTGCTACACGTTTATTAAATTGTTTGATTATTATTGAGAACTTTAATGTTTTAATTTTATTTGCTTGCTTAGTATCGCAGTGGGAAGAATCCCGTGTACTTTTCTTGGCTTTAATGGTAATTTTTACTGTTGAAGTAACACTAGGTTTAGTAGTTTTAACTCGTTTATGAAGTTCAAGTTTATTGATTGATATAGTTGGGGTGTAG
Brachycladium goliath	ND4L	9	0	GTGGGTCGGGTTTTCTTGCTGGTGGGGGGTTTGGTTGTTTTGTGTAGTTTTGTCCTTTCTTTGTCTCGGTTGTTGAATTGTTTGATTGTAGTTGAGAATTTTAATGTCTTGCTCTTGTTCTCGTCTATCCTGGGACAGTGGGATGAGGCTCGTATATTGTTTATTGCCTTGATGGTGATTTTTACTATCGAGGTGGTCCTCGGTTTGGTGGTGTTGACTCGGTTGTGGGATTCAAGGAGGTTGATGGGTATAGTTGGTTGGTAG
Capoeta damascina	ND4L	2	0	ATGACACCCGTACATTTTAGCTTTAGCTCAGCATTCATCCTAGGTCTAATAGGACTAGCATTCCACCGAACCCACCTACTCTCAGCACTCCTGTGCTTAGAAGGAATGATACTATCCTTATTTATTGCACTGGCCCTATGAGCATTACAATTCGAATCCACAGGCTTCTCAACAGCCCCTATACTACTCTTAGCCTTTTCTGCTTGCGAAGCTAGCACGGGCCTAGCACTACTTGTTGCCACTGCCCGCACTCACGGCACCGACCGACTACAAAACCTCAACCTCCTACAATGCTAA
Catlocarpio siamensis	ND4L	2	0	ATGACACCCGTACATTTCAGTTTTAGCTCAGCATTTATCTTAGGACTAATAGGCCTAGCATTCCACCGTACCCACCTGCTTTCTGCACTCCTCTGTTTAGAAGGAATAATACTATCCCTGTTTATTGCACTAGCCCTATGAGCACTACAATTTGAATCCACAGGGTTCTCCACAGCCCCTATACTACTGCTAGCCTTCTCCGCCTGTGAAGCAAGCACTGGCCTGGCACTACTAGTCGCCACAGCTCGCACTCATGGAACCGATCGTCTACAGAACCTAAACCTCCTACAATGCTAA
Agkistrodon piscivorus	ND4L	2	0	ATGGAACTAATAAAAACTGTCCTAGCTGTAGCCTTTATAACCACCCTCCTCAGCCTCTCTATACAACACAAACATCTTATATTAGCACTTATATGCATCGAAACAATAATACTCCTTCTATTCATACTACTAGTCATCTACACCTCAACCTCATTAACCCTATCACAAACCCCGATACCAATTATTCTGCTCACCATCTCTGTCTGCGGAGCAGCAGTAGGCTTAAGCCTTGTTGTTGCAATCACACGAACCCACGGAAACGACTTCCTAAAAAACTTAAACCTCCTATAA
Aporrectodea rosea	ND4L	5	0	ATGTATAACTCCATTATGTATCTAGTGTTTCTACTCCCCCTAATTGCCACATTAAATCTAATTACTAACCAATCCCATTTTTTAATAACCCTTCTATCCCTCGAAGGAATTACATTAAGTTTAATTCTATTTGTACCCATAACTCTATCTATAATGAATGCCCCAAATGCTAGTATCAGAGTAATACTATTAACATTCAGGGCATGCGAAGCCAGAATTGGTCTCAGACTTATAGTTCTTATGTCCCGATCCTATGGCACAGATATACTAAGCTCTCTAACAAGAAATAAATGCTAA
