Species	Gene	Code	CDS	Sequence
Whitmania laevis	ND5	5	0	GTGCTGTTTCATAAATACTTTTTATTTTTATATTTAGTATTGTATATGCTAACAAAACAAAGCATTAGGTTCTTATTAAAAATTTATTCATTATATTTAAAATATTTTGAACTAATTTACACAGTTCATGCTTGTATGATAATTCCACTATTTCTCTATAGGATCGACATTTTGCCCCTTGGCAAAAAAATGACAATTGGGTCGAGTTTGATTGTATTTTGCTATAATTATCTCGGAGCAGGTTTCCCCCCCAGCAACTCACAGATGCGCAATTATCTGTGGATCCCGTCCTCGTGTTCGCGATTCTCGACCCCCGTTGAGGCGTTCCTATTGATTGGCTGAGATGGGTTATGAATCAGTTCACATATTGTACTTATTTATTATTTAAACTCAAAATCATTAGGGGATGGTATGATTACGGCAATCACCAATCGGATTGGTGATGTATTATTATTGATTTCAATTGTCTTATGTGTTGGTCAGTGTCATTGATATTCTGTAGATATATGATTCATTAATTTATATGAAAATAAGACTCAAGTAATATTAATTCTAGGTGCGGGGATAACGAAAAGGGCCCAAATTCCATTCAGTAGATGGCTACCAGCTGCGATGGCAGCCCCAACTCCAGTGTCAGCATTAGTGCATTCATCAACTTTAGTGACTGCTGGGGTGTTTTTACTGATTCGGTTTTATGATTTTTTATATTGCTTTAATTATTTTAATACAGTATTGCTATTGGTTTCCATTATGACTATAGTTATATCTGGTCTTGCTGCCTCTGTTGAGTGAGATATAAAGAAAATTATTGCTTTATCTACTCTAAGCCAGTTAGGTCTAATAATAATAACATTGAGGTTAAATATGTTAGATTTAGCTTACTTACATATAGTTAGGCATGCATTATTTAAGGCATTGTTATTTATTTGTGCAGGTAATTTGATTATGAATTTTTTTCATAGTCAAGATTTACGATGAATGGGAAACCTATCCTTACAAATACCATTAACATCTTTATCTATTCTTTTGTCTAGAATGGCTATAGGGGGTTTCCCGTTTTTATCTTCATTTTATACTAAAGATCAAATTCTAGAGTTACTAATCTATAATAGTTGGTCAGTAAGGGTTGTAGTATTAATATATGTATCTATTGGGATTACGGTTTTTTATAGATTACGGTTTTGTATCAATTTATTATGAATAGTACCTATATATTGTGTATTAGTTTCATTAAATGAAAATAAGAATGTTGCAGTTCCTATATTTATTATGGGCTTAATGACTGTATGTATGAGATGCATTCTTTTATGAATTTATCCTAATCCCCCTACTTTAGTTCATATGGATAAGTTAGTTATATTAATACCTTTAATGATTATTTTTGTTGGGATTCTGTTTGCTTTATTATGAAGTGTTATATCCCCTGAGATAGATATCCCTACTCAATTAATAAATAATTACATGTGGTTTATAGTACCCTTGAGAACTCAAGTAATTCTGGGTTTTATACCTAACACTAAATTATGTTTAGAATTGTTAGATCAATCGTGATTGGAGTATTTAGGTGGCTACGGGATACATGAATTCCTAAATTGAATATATAGATACTTTATTAAATTCATGAATTGGGAAATGATGTGAATCATGCTTAAAATGGGTTTATTCATAATCTGTCATATTTTTTTTTTGTGTATAGGTATTTAG
Paralaubuca typus	ND5	2	0	ATGAATTCAACAACCCTTATTATAACATCTTCACTCATCCTAGTCATTATCATTCTCATGCTCCCGTTATTAACAACATTAAATCCAAAGCCACAAAAACCAGAATGAGCGAATACACATGTTAAAACCGCCGTCAGTACCGCTTTCTTCATTAGCCTTCTACCACTCATAATTTTTCTAGACCAAGGAATAGAAAGTATTGCTACAAACTGAAACTGAATAAACACACACTTATTTGACACGAACATCAGCTTCAAATTTGACCACTACTCCCTAATTTTCACCCCAATCGCCCTCTACGTTACATGATCAATTCTAGAATTTGCACTATGATATATACACTCGGACCCCAATATTAATCGATTCTTCAAATATTTACTACTATTCCTAGTAGCTATAATTACCTTAGTTACAGCCAACAACATATTCCAGCTCTTCATTGGGTGAGAAGGGGTTGGAATTATATCATTTCTCCTAATTGGATGGTGGTACGGACGGGCGGATGCCAACACAGCAGCCCTCCAAGCTGTTATTTACAATCGAGTCGGGGATATTGGCCTAATCTTAAGTATAGCATGATTTGCAATAAACCTTAACTCCTGAGAAATTCAACAAATTTTCTTCCTATCTAAAAATTTTGATATAACTATTCCCCTTATTGGGTTAATCCTAGCAGCAACAGGAAAGTCGGCCCAATTCGGCCTTCACCCTTGACTCCCTTCTGCCATGGAGGGCCCCACGCCAGTCTCTGCCCTACTTCATTCCAGCACAATAGTAGTTGCAGGAATTTTTCTACTAATCCGCCTCCACCCCTTAATAGAAAACAATAACCTAGCACTAACAATTTGCCTCTGCCTAGGAGCACTAACCACACTATTTACAGCCACTTGTGCTTTAACCCAGAATGATATCAAAAAAATTGTAGCTTTCTCAACATCCAGCCAACTAGGACTAATAATAGTTACGATCGGACTTAATCAACCACAATTAGCATTCCTACACATCTGCACACATGCCTTCTTTAAAGCAATACTATTCCTGTGCTCAGGATCAATCATTCACAGCCTAAATGATGAACAAGATATCCGAAAAATAGGAGGCCTCCAAAACCTAATGCCTGCTACATCAACTTGCCTTACAATCGGCAGCCTGGCACTAACAGGAACCCCATTCCTAGCCGGATTCTTCTCCAAAGATGCCATTATTGAAGCCCTAAACACCTCTTACCTTAACGCCTGAGCCCTAACCCTTACACTGATCGCTACCTCATTTACCGCAGTCTACAGCTTCCGAGTAGTATTCTTCGTAACAATAGGATCCCCACGATTCTTACCACTATCCCCCATCAATGAAAATAATCCATTGGTTATTAACCCTATTAAACGGCTTGCCTGAGGAAGTATTATTGCAGGACTTATTATTACATCCAACTTTTTACCCTCAAAAACACCAATTATAACAATGCCAACCACCCTAAAATTAGCGGCCCTTATAGTAACTATTACTGGACTTCTAGTGGCCATGGAACTTACAGCCGTAACTAATAAACAAATCAAAATTACCCCCACAATTTCCATACACCATTTTTCCAACATACTAGGCTACTTTCCCGCAACAATTCATCGACTTCCACCCAAACTCAATCTAGTATTAGGACAATCAATCGCCACCAAACTTGACCAAACATGGCTTGAAATTACAGGACCAAAAGGACTAGCCTTAACCCAAATGATAATGTCGAAAGTTACAAGCGACATCCAACGGGGAATAATTAAAACATATTTAACCATCTTCCTCTTAACCATAGCCTTGGCTATTCTACTAACCCTTGTCTAA
Pseudomyxus capensis	ND5	2	0	ATGACCACAACTTCCATCGTAATAGCATCGTGTCTACTCGTCATCTTCTTACTCTTAACCCTCCCTCTCTTTTCATTTTTACACCCCTTCGCCCAGTCTACCAACTCATTCCTCAAAGAAGCTAAAACAATAATCTGAATAGCTTTCTTTGTCAGCCTTCTCCCCCTACTCCTGTCCCTCCGAGAAGGGTCAGAGATTATCTCTACTAATTGAAACTGACTAACCATCTTATCTTTTGACATCAATATCAGTCTTAAATTTGACACCTATTCTCTCGTCTTCATTCCCGTCGCCCTATACGTATCTGCAGCTATCCTAGAATTCGCCTCCTGATATATATACGAAGATCCTAACATTTGCCGCTTTTTTAACCATCTTCTAATATTCCTAGCTGCTATAATTGTCCTAGTGACAGCAAACAACCTCTTCCAACTCTTTATTGGCTGAGAAGGCGTAGGGATTATATCTTTCCTCCTCATTGGCTGATGGCATGGCCGGTCAGACGCAAATACAGCAGCCCTCCAAGCAGTAATTTATAATCGAATCGGGGATATTGGCCTAGTTTTTTCAATAGCCTGAATCGCAACAACTCTTAACTCATGAGAGATTCAACAAATCATTACAACTACTAAAGGCCTAGACCTAACTTACCCTCTCATAGGCCTAGTCTTAGCTGCCACTGGTAAATCAGCACAATTCGGTCTCCACCCCTGACTTCCTGCCGCTATAGAAGGCCCCACACCAGTTTCCGCCCTACTTCATTCCAGCACAATAGTCGTTACTGGAATTTTCCTTCTCGTCCGAATGAGCCCATTATTAGAACAGAGCCAAGCTGCTTTAACTACCTGTCTATGCTTAGGTGCTCTAACTACTTTATACACTGCAACCTGCGCCCTCACCCAAAATGACCTTAAAAAAATCATTGCTTTCTCTACATCCAGTCAACTTGGCCTAATAATAGTCACAATTGGACTTAATCAACCCCAACTCGCTTTCCTCCATATCTGTACCCACGCCTTCTTCAAAGCAATACTCTTCATCTGCTCTGGGGCTATTATCCACAGCCTATTTAATGAACAAGATATCCGAAAAATAGGAGGCATACACCGTCTAGCCCCTATGACTTCCTCCTGCTTTATTATCGGCAGCCTCGCTCTCACAGGCACCCCCTTCCTTACAGGATTTTACTCTAAGGATGCTATCATTGAAGCATTAACTACCTCCCACCTAAACGCCTGAGCCCTCACCCTAACCCTTTTAGCCACCTCTTTCACAGCCGTTTATAGCCTCCGAATCATTTACTTTGTGTCTCTAGGTCGCCCCCGATTTATTGTCCTCTGCCCCATCAACGAAAACGAGCCTACTCTAATTAATCCCCTCAAACGACTAGCCTTCGGCAGCATTGTTGCAGGCTTCTTAATTACCACTACCATCGCCCCCCTTAAAACACCTATCATGACCATACCCCCTTTACTTAAACTAACCGCATTAATTGTAACAACCCTCGGATTACTTATTGCATTTCAACTAGCATCCCACACTACAAAACAGGACAAAATCACTCCCAACCTCCCCCCACACCATTTTTCCGTAATAATATCCTTCTTTCCCGCAATTTTTCATCGCACCCTCTCTAAAATCAGCCTTATCTGATCACAGACCATCGCCAGTCAAATCATTGACCAGTCCTGACTAGAAAAGATTGGCCCCCTAGCTCTCTTATCAATCATCCAACGTATAATCAACGCCATTAACAACCTTCAACGAGGCCTAATTAAGTCCTATCTTAAAATCCTCTTCCTAACTCTCATCCTAACTCTCCTAATCATCTGATACGCCTCTCATTAA
Ardeotis kori	ND5	2	0	ATGGAACTCGCACTACTCCTCAACACCTCTATCCTCCTGACACTCATCATCATCCTCACCCCTACATTACTCCCCCTACTATCAAAAAAACTTCAGAACTCCCCAGCCACTATCACCCGTGCAGTCAAAACAGCCTTCCTATCTAGCCTAGTGCCAATAACCATCTTCATACACTCAAACACAGAAAGCATTATCTCCCACTGAGAATGAAAATTTACTATAAACTTCAAAATCCCCCTCAGTCTTAAAATCGACCAATACTCAATAATTTTCTTCCCCATTGCACTATTCGTAACATGATGCATCCTCCAATTTGCAACCTGATATATATCTTCAGAACCATATATCACAAAATTCTTCTCCTACCTCCTATTATTCCTAATCGCCATACTAACCTTAACCATTGCTAACAACATATTTCTTCTATTCATCGGCTGAGAGGGAGTCGGGATCATATCATTTCTACTAATCGGCTGATGACAGGGACGAGCAGAAGCTAACACCGCCGCTCTCCAAGCCGTACTTTATAACCGAATCGGAGACATTGGCCTCATCCTAAGCATAGCCTGTCTTGCCTCCACCCTAAACACCTGAGAGATCCAACAAGCCTCCTCCACTACCCAAACTCCAACACTCCCTCTGCTAGGTCTAATCCTAGCCGCCGCAGGAAAATCAGCCCAATTTGGCCTACACCCATGACTGCCAGCAGCTATAGAAGGCCCAACCCCAGTCTCCGCTCTACTCCACTCCAGTACCATAGTTGTAGCTGGAATTTTCCTACTTATCCGTACTCATCCTATATTCACCAACAACCAAACCGCCCTCACCCTATGCCTATGTTTAGGGGCTATATCCACCTTATTTGCCGCCACATGTGCCCTCACGCAAAATGACATCAAAAAAATCGTTGCTTTCTCTACATCCAGCCAACTCGGCCTAATAATAGTCGCCATCGGACTAAACCTGCCTCAACTAGCCTTCCTACACATCTCCACACACGCCTTCTTCAAAGCTATACTCTTCCTCTGCTCAGGAACAATCATCCACAGCCTTAACGGAGAACAAGACATCCGAAAAATAGGAGGACTACAAAAAATACTTCCCACAACCACTTCCTGCCTCACCATTGGCAACCTTGCCCTAATAGGAACTCCATTCTTAGCAGGCTTCTATTCCAAAGACCTCATCATTGAAAGCTTAAACACATCCTACCTAAACACCTGAGCATTACTCCTAACACTACTAGCAACATCATTTACTGCCACTTACAGCCTACGCATAACCTTGCTAGTCCAAACAGGATTTACTCGCATCCCCACAACCGCCCCAATCAATGAAAACAACCCAACAATCACCAACCCAATTACCCGCCTAGCCATAGGAAGCATCCTCGCCGGCCTACTCATCACATCCTTCATCACACCCACAAAAACCCTCCCAACAACCATACCCACAACCACAAAAACCGCAGCTCTTATCATCACAATTCTGGGCATCATCCTAGCCCTAGAACTCTCAACCATAACACATGCTATAACCCAACCAAAGCAAAACCCCTACTTAAACTTCTCCACTTCATTAGGTTATTTCAACCACCTAATACACCGCCTCACCTCTACAAAACTACTAAATAGCGGACAAAAAATCGCCTCCCACCTAATCGACCTATCTTGATATAAAAAAATAGGTCCTGAAGGACTCGCCAATTTGCAACTCATAGCCACCAAAACTTCAACCTCCCTCCACACCGGACTAATTAAAACATACCTAGGGTCCTTTGCCCTCTCCATCCTCATCATTTTATTAACACAAAGA
Acridotheres tristis	ND5	2	0	ATGGACCTACCATTAGTCCTAAACACATTTATACTACTAACCCTAACAACCCTCCTCACCCCAATCATCTTCCCATTCCTCTCAAACAGCCTAAAAAACACTCCCAGCACCATCACAAGCACAGTAAAAACCTCATTCCTAATCAGCCTAATCCCCATAACAATCTTCATCCACTCAGGAACAGAAAGCCTAACCTCTCTCTGAGAATGAAAATTCATCACGAACTTCAAAATCCCAATTAGCCTAAAAATAGACTTCTACTCTCTAACATTCTTCCCAATTGCCCTATTCGTATCCTGATCGATCCTACAGTTTGCAACATGATACATAGCATCAGATCCATATATCACAAAATTCTTCACCTACCTCCTGTTCTTTCTAGTAGCAATACTCATCCTAATCATCGCCAACAACTTCTTCATCCTGTTCATCGGCTGAGAGGGAGTAGGAATCATGTCCTTCCTCCTAATCAGCTGATGACACGGACGGGCAGAGGCCAACACCGCAGCCCTACAAGCTGTATTGTACAACCGGATCGGAGATATTGGCCTCATTCTCTGCATAGCATGACTAGCCTCCACTATCAACACCTGAGAAATCCAACAAATCTCCTCCCCCTCACAAGCCCCAACACTGCCCCTTCTAGGCCTAATCCTAGCCGCAACGGGCAAATCAGCCCAATTCGGCCTACATCCATGACTCCCCGCCGCTATAGAAGGGCCCACCCCAGTCTCCGCCCTACTCCACTCAAGCACCATAGTAGTAGCTGGAATCTTCCTACTCATCCGAACCCACCCACTATTCAACAGCAACCAGACCGCCCTAACCCTATGCCTATGTCTAGGGGCCCTCTCCACCCTATTCGCAGCCACATGTGCCCTGACCCAAAACGACATTAAAAAAATCATCGCCTTCTCCACCTCAAGCCAACTAGGCCTAATGATAGTAACAATCGGACTAAACCTGCCACAACTAGCCTTCCTACACATCTCAACGCACGCGTTCTTCAAAGCTATGCTGTTCCTATGTTCAGGCTCCATCATTCACTGCCTAAACGGAGAACAAGACATTCGAAAAATAGGAGGACTACAAAAAATACTACCAACAACCACCTCATGCCTAACCATTGGCAACCTAGCCCTAATGGGCACACCATTCCTCGCAGGATTCTACTCAAAAGACCAAATCATCGAATGCCTAAACACATCCTACCTAAACACCTGGGCCCTACTACTAACCCTACTAGCCACCTCCTTCACCGCAGTATATACAATCCGCATAACTGTGCTAGTACAAACTGGATTCACCCGAATCCCACCCCTAACTCCAATAAACGAAAACAACCCAGCAGTAGTCGCCCCAATCACCCGCCTAGCGCTAGGAAGCATCACAGCCGGACTTATCATCACCTCCTTCATCATCCCAATGAAAACCCCACCTACAACCATACCCCTATACATCAAAATAACCGCCATACTAGTCACAGTCCTAGGCATCCTACTAGCCCTAGAAATCTCAAAAATAGCACAAACCCACATCCTAACAAAACAAGGCCCTTTCTCAAACTTCTCCACATCACTAGGCTACTTCAACCCCCTAATACACCGCTTCACCTCAACCAACCTACTAAGCGGAGGCCAAAACATCGCCTCCCACCTAATCGATCTCTCCTGATACAAAAAACTAGGACCAGAAGGGCTAGCTGACCTACAACTAATAGCAACCAAAACCTCCACTACCCTACACTCAGGACTAATCAAAGCCTACCTAGGAGCTTTTGCCCTATCCATCCTCATCGCCTTAATATCCACATACAGA
Strongylocentrotus intermedius	ND5	9	0	ATGGTTATAGCTCCGTCACTTATAATTTCTTCATTAAACCTAGGAATACTTACGATCCTTCTGGGAAGAATTTTTTTCTTTTCTAAGTCTTACCTCTCTAAGAGAAACGTAAGTTTGTCCCTCATAAAGACCACTGCACCCTGCTTAAGTATTAATAAAGACGGGGAAGAAACTATAAAGTACAAAAGAGGGCCATTTGCAATGGCCGTTTTAAAGACACTGGCTTTTTTATCCGTACTCTCCCTATTAGTCACTATAAAAGCGGGGTTCAGGGAGATAAAAATTACTCTCTCCTTGTGACTAAGAAACACGCCCCTAAAAATTTCACTTAACTTCATCTATGATCAATACTTTCTAGTTTTTCTCTCAGTAGCCCTAATAGTTACATGATCGATCATGGAGTTCTCATTCTATTACATGGCAGAAGACCCTAAAAGAAACGCTTTCTTCCGGTTATTAACTATTTTTTTATTAAAAATGTTGATTTTAACCTGTTCAAAAAGCCTATTCTTAATATTTTTAGGTTGAGAAGGGGTCGGCTTTCTCTCTTTTTTACTTATAAGATGATGAACTACCCGAAACGATGCCAGAAGCTCAGCACTAGAGGCCGTTATTTACAACCGAATAGGAGATATTGGGCTTATAACATTCATGGCCCTCTCTGCCCTTAGGTTTAACTCATGAAACTTAACAGAAATACTCTCTTCTAATAAAGACCTAACCCCCCTCTTACCATTTTTGCTGTTCGGGCTTGTTCTAGCTGCAGCTGGAAAGTCTGCCCAGTTCGGCTTACACCCATGATTACCAGCCGCTATGGAAGGCCCTACTCCAGTTTCTGCCCTGCTACACAGTTCTACCATGGTAGTTGCCGGAGTATTCATTTTAGTCCGTACCAGAGACTTATTTTACCTTTCCCCTCATGCCCAATCACTAGTTTTGATTTTAGGAGGAACAACAGCACTGTTTGCGGCTTCAACCGCTATTGCCCAACACGATATAAAGAAGATTATAGCATACTCCACCACAAGACAACTAGGACTGATGGTTACTGCAATAGGAATTGGGCAACCTGTTCTGGCATTTTTTCACATTTGTACCCATGCCTTCTTTAAGGCCATGTTATTCCTCTGCTCTGGGAGGGTAATCCATAGACTAAGCGATGAACAAGACCTTCGGAAGATGGGAGGACTTAGAAAGCTTTTACCTGTAACATCTGCCTGTTTGATTCTAGGCAGGCTTGCCTTAATGGGCACCCCCTTTTTAGCAGGATTTTATTCCAAGGACTTAATTCTAGAGGCTACAGGAGCTAGGGTTTTAAATCTTCTAGGGGTTGTTTTAAGACTAGTGGCCACAATGCTTACCGCAGTATACAGATTTCGAATTATATTTTTCTGCTTCTCCCTAAGACCCGCCATAGCTCCTCTTTCTCCTATAGGGGAAGAGAAATCCAACCTCAAAAACGCCCTATTACGACTAGCCATAGGAACAATAACAAGTGGTTGATTCTTCTCAAAATTTGTTTTTGCTCCCCCCTCATTTACTGTTACCTCAGTCACAAAGAGTATGCCGCTTATAGTTACCATTATAGGCGTAGCTGCCCTCTTTGTCTCGTTAATATTCTTCGCCTCTAATTATATAGAAAGGAGCACCCATTCAGCCACAACATTACAGTGGTTTTTTGTAGACATCGTCCACTCAATAACTACTCTGTTCTCTTTTATCTCCTCCCTTTTTATCTCTTCTCGAACGCTAGACCGAGGATGGCAAGAAGAAATAGGCCCCCAAGGAATAGCACAGGCCTCAACCACCTTCTCCAAGATTACCCAGGCAGGGCAAATAGGGCTGATTAAGCGTTACATACTCTCTTCTATGACCTCCGTAATACTAATAGTAGCTATCTCTTTTTTAATCTTATCATAA
Mugil curema	ND5	2	0	ATGCATTTTATTGCGACCACTCTAACGTCCGCCACTACCCTGATTTACATTCTACTTTTATACCCTTTAACCACACTCCTATCAACATCCCCGCCGGACCCTAATTGAGCCCTCCTAAAGGTTAAGACAGCCATTAAACTAGCCTTTTTTGTTAGCCTTTTGCCCCTCTCCCTATTTCTTCACGAGGGCGCAGAAACCATCTCAACCAACTGAAACTGGTTCAACACTTCATCCTTTGATGTAAATATCAGCCTTAAATTCGACCTTTACTCCATTGTCTTCACTCCTGTCGCGCTATACGTAACCTGATCAATCTTAGAATTCGCCTCCTGGTACATGCACGCAGATCCATACATGAACCGATTTTTCAAATACCTTCTAATCTTCCTAATCGCCATGATTGTTTTAGTTACAGCAAACAACCTGTTTCAACTCTTCATTGGCTGAGAAGGTGTCGGAATCATATCATTCCTCCTTATCGGATGATGATACGGACGATCTGATGCAAATACCGCAGCCCTTCAAGCAGTAATCTACAACCGAGTTGGTGATATTGGACTAATTCTCTCAATAGCATGGATCGCAATGACCCTAAACTCATGAGAAATGCACCAAATTTTCATCACTGCCAAAGACTCTGATCTCACCTACCCACTTATAGGACTTATCCTCGCTGCCACCGGAAAATCAGCTCAATTCGGCCTCCACCCCTGGCTCCCTGCTGCCATGGAAGGTCCCACGCCGGTATCTGCCCTACTTCACTCTAGCACGATAGTTGTCGCAGGAATCTTCCTACTCGTTCGAATAAGCCCCCTCTTAGACCAGAACCAAATTGCCCTAACCACGTGCTTGTGCCTAGGAGCTTTAACTACCCTCTTCACCGCAGCCTGTGCCCTCACTCAAAACGACATCAAAAAAATCGTTGCCTTCTCAACATCCAGTCAACTGGGATTAATAATGGTCACAATCGGGCTAAACCAGCCCCAGCTTGCCTTTCTCCATATCTGTACCCACGCCTTCTTTAAAGCCATGCTCTTCCTCTGCTCAGGGGCAATCATCCACAGCCTAAATGATGAGCAAGACATTCGAAAAATAGGAGGTATACACCACCTAGTTCCCGTCACATCATCATGCCTAACCATCGGCAGCCTAGCCCTTACAGGTACTCCTTTCCTGGCAGGTTTCTTCTCCAAAGATGCTATTATTGAAGCACTGAACACCTCCTATCTAAACGCCTGAGCCCTTATCCTGACCATCCTGGCCACCGCTTTCACAGCCATTTACAGCCTTCGAATCGTCTTCTTTGTCTCTATGGGCCACCCCCGATTCAACGTTCTCTCCCCAATTAATGAAAACAACCCCGTCGTACTAAATCCTATTAAACGACTAGCCTGAGGCAGCATTATTGCGGGCTTTCTGCTCACCTCCAATATTATCCCTCTAAAGACACCCATCATGTCTATGCCCCTACTCCTGAAACTTGCAGCCCTCCTAGTTACTCTTTTAGGCTTACTACTCGCACTCGAACTGGCACGACTAACTGCAAAACAGTACAAACCAACCCCTCAACCCACTGCTCACCGTTTTTCTAACATGCTCGGATTTTTCCCCTCTGTCATCCATCGCCTCCTGCCCAAAGCCAACTTACGCCTAGGACAGACAATTGCCAGCCAAACGATTGACCAAACTTGACTTGAAAAATCCGGCCCAAAACTATTAACGGCCCTCCAAACCCCTCTAATCATCACGACCAGCAACATCCAACGGGGCTTCATCAAAACATACCTTCTTCTTTTCCTCCTAACACTTGCTGTCTCTATACTCCTCCTCCTCTACCTTTCACACTAG
Echiichthys vipera	ND5	2	0	ATGCACCCCACCTCTCTCACTATAACATCTAGCTTAATTATTATTTTTACGCTACTGACTCTACCATTACTTATTAACCCCAGCCCCTCACCCCGTAGTTTAGACTGAGCCCCCCTCCATATTAAAACTGCAGTAAAACTAGCCTTTTTTGTTAGCCTAGTCCCTCTATTCTTATATCTTGACCAAGGGCTAGAAACAATCGTGACCACCTGAAATTGAACAAATACAACAACCTTCAATATTAATATTAGCTTTAAATTCGATCACTATTCAGTAATCTTCACCCCTATTGCCCTATATGTCACCTGATCAATCTTAGAGTTTGCAACCTGATATATAAGCGCAGACCCCAATATTAGCCTATTCTTCAAGTACCTTCTAGCCTTTCTTATCGCTATAATTACGCTAGTTACAGCAAACAATATGTTTCAAATTTTTATCGGCTGAGAGGGGGTCGGCATTATATCTTTCCTTTTAATTGGGTGATGGTACGGGCGTGCAGACGCGAATACTGCCGCCCTCCAAGCAGTCGTATATAACCGTATTGGAGACATTGGACTTATTTTCACTATAGCCTGAATAGCCACAAACCTCCACTCCTGAGAAATACACCAAATTTTTACCTTAACTAAAGATTTAGACACAACTTTCCCTGCCCTAGGACTAATCATTGCTGCTACTGGAAAATCAGCCCAATTCGGCCTACACCCCTGACTACCTTCTGCCATAGAAGGCCCAACACCAGTCTCCGCCCTACTACACTCAAGCACTATAGTTGTTGCAGGTATTTTCCTATTAGTGCGAATAAGCCCACTACTAGAACATAATGAACTGGCTCTTACTACATGCCTATGCCTGGGGGCTCTCACAACACTTTTTACAGCCACCTGCGCTCTCACCCAGAATGATATTAAGAAAATTGTTGCATTTTCGACATCCAGTCAGTTAGGCCTAATAATAGTGACAATTGGACTAAACCAACCCCAACTTGCATTCCTGCATATCTGCACCCACGCCTTCTTTAAAGCTATACTGTTCCTCTGCTCCGGCTCTCTCATCCACAGCCTTAACGATGAGCAAGATATTCGTAAAATGGGAGGGATACATCACCTAACCCCCTTTACCTCCTCCTGCCTAACAATTGGAAGCCTAGCCCTCACAGGTACTCCTTTCTTAGCAGGCTTTTTCTCCAAAGATGCCATTATTGAAGCCCTAAACACCTCCCACCTGAACGCCTGGGCCCTAATCCTTACTCTGGTTGCTACAGCTTTTACTGCAATCTATAGCCTACGTGTTGTCTACTTTGTCTCAATAGGCCACCCCCGATTTAATTCCTACTCCCCTATTAATGAAAATAACCCCGCAGTTATTAATCCTATTAAACGACTAGCATGAGGTAGCATTCTTGCCGGCCTCCTTATTACCTCAAACATCACCCCCCTTAAAACCCCTGTCTTATTAATACCTCTCCCCCTCAAACTAGCTGCACTTATTGTAACAGCCCTAGGACTCCTTCTTGCCTTAGAACTAGCTCAATTAACAAATAAGCAGCTTAAAACTACCCCCCACCTAAACTTTCATCATTACTCCAACATACTAGGCTTTTTCCCATCTATTATCCACCGTTTAATACCTAAAATAAATCTTGTACTAGGTCAAGCAATGGCCAACCAAATGGTTGACCAAACCTGACTAGAAAAACTAGGCCCTAAAGCAATTGTAACCCTCAATACCCCCCTAATTACAAATACTAGTAACATGCAACAGGGCATGATTAAGACATACTTAATACTCCTATTCCTAACCCTTACCATTACTACCCTGGCTTTCGTATATTAA
Spinus spinus	ND5	2	0	ATGGACCTACCACTAGTCCTAAATACATTCATACTCCTAACCCTAGCAACCCTATCCACACCCATCCTATTCCCCCTCCTATCCCCCAACTCCAAAAGCACCCCTAACACCATCACAAACACAGTTAAAGCCTCCTTCCTAATCAGCTTAGTCCCCATGACAATTCACATCTACTCAGGGACAGAAAGCCTCATTTCCCTATGAGAATGAAAATTCATCATAAACTTCAAAATCCCTATCAGCCTAAAAATAGACTTCTACTCACTCACCTTCTTCCCCATTGCACTATTCGTCTCATGATCCATCCTACAATTTGCAACATGATACATAGCTTCAGACCCCTACATCACAAAATTCTTCATCTACCTACTACTATTCCTAATAGCAATACTCATCCTAATTCTCGCCAACAATCTATTCGTCCTGTTCATCGGCTGAGAAGGAGTCGGAATCATATCCTTCCTACTAATCAGCTGATGACACGGCCGAGCAGAAGCCAACACTGCCGCCCTACAAGCCGTCCTATACAACCGAGTAGGAGACATCGGCCTCATCCTCTGCATAGCATGACTAGCCTCAGCCATAAACACCTGAGAAATCCACCAACTCCCCTCCCCATCACAAACCCCAACACTACCCCTACTAGGCCTCATCCTAGCTGCAACTGGCAAATCAGCCCAATTCGGCCTCCATCCTTGACTGCCCGCCGCCATAGAAGGACCCACCCCTGTTTCTGCCCTACTTCACTCCAGCACAATAGTAGTAGCCGGAATCTTCCTACTCATCCGAACTCACCCCCTACTCAGCAATAACCAAACCGCCCTAACCCTCTGCCTATGCCTAGGGGCCCTCTCCACCCTATTCGCAGCTACATGTGCCCTTACCCAAAACGATATCAAAAAAATCATCGCCTTCTCCACCTCAAGCCAACTAGGCCTAATAATAGTTACAATCGGACTCAACCTCCCCGAACTAGCTTTTCTCCACATCTCAACTCACGCATTCTTCAAAGCCATACTCTTCCTATGCTCAGGATCTATTATCCACAACCTAAACGGCGAACAGGACATCCGAAAAATAGGAGGACTCCAAAAAATAATACCCACAACCACCTCATGCTTTACTATCGGCAACCTAGCACTAATAGGAACCCCATTCCTAGCAGGATTTTACTCAAAAGACCAAATCATCGAAAGCCTAAACACATCCTACCTAAACACCTGAGCTCTACTACTAACCCTCCTAGCTACATCTTTCACCGCAGTATACACAATTCGCATGACCGTACTAGTACAGACCGGCTTCGTTCGAATTCCTCCTCTAACCCCAATAAATGAAAACGACCCCGCAGTGACTTCACCCATCACTCGACTCGCACTAGGAAGCATCCTAACAGGATTCCTCATCACCTCATTTATCATTCCCACAAAAACTCCTACAATAACTATACCCCTATCCATCAAAATAACAGCCCTAATAGTAACCGCCCTAGGAATTGCTTTAGCCCTAGAAATCTCAAAAATAGCCCAAACTCTCATCCTTACAAAACAAACTACCTTCTCAAACTTCTCCACATCCCTAGGATACTTTAACCCCCTAACCCACCGCTTAACCATAACCAACCTCCTCAACGGAGGACAAAATATCGCTTCACACCTAATCGATTTATCCTGATACAAAATCCTAGGCCCAGAAGGACTAGCCAACCTACAGCTAATAGCAACCAAAACCGCCACCTCCCTTCACTCAGGCCTAATCAAAGCCTACCTAGGAGCATTCGCCCTATCCATCATCATTATTCTCATATCCATACACAGA
Coptodon zillii	ND5	2	0	ATGCACCTCACCTCCACCATGATAGCCACCAGCCTAATCATTATTTTTCTACTACTTGCATTCCCTGTTCTTTCCTCCCTCTCCCCTCGTCCCCTTCCCCCTGACTGAGCCCTCACCCAGGTTAAAACAGCAGTAAAATGAGCCTTCTTTGTCAGCATCCTCCCTCTTTGCCTCTTCCTCAACGAAGGCGCAGAAGCAATTATTACCACTTGAACTTGAATAAATACCCACACCTTTGATATTAGTATCAGTCTCAAATTTGACATCTATTCAATTATCTTTACCCCTGTCGCCCTCTATGTCACCTGATCTATTCTAGAATTTGCCTCCTGATACATGCACGCCGACCCAAACATAAATCGCTTTTTTAAATATCTACTAATCTTCCTCATTGCTATAATTATCCTTGTAACCGCAAACAACATATTCCAACTGTTCATCGGGTGGGAAGGCGTCGGAATTATGTCCTTCCTCCTCATTGGTTGATGATACGGCCGTGCAGATGCAAACACCGCCGCCCTCCAAGCAGTCATCTACAACCGAGTAGGGGACATCGGCCTCATTTTCGCTATAGCCTGGATCGCAACCTCGCTTAACTCCTGAGAAATACAACAAATGTTCACCTTATCCAAAGACTTCGACCTAACTTATCCCCTCATCGGGCTCATCATCGCTGCCACCGGTAAATCTGCACAGTTCGGCCTCCACCCCTGACTTCCTTCTGCCATAGAAGGTCCCACACCGGTCTCTGCCCTACTGCATTCCAGCACCATGGTAGTAGCAGGCATCTTTCTCCTTATCCGCATAAGTCCCATGCTAGAAAATAACCAAACCGCCCTAACTACCTGTCTCTGCTTGGGGGCCCTCACCACTCTCTTTACCGCCACCTGCGCCCTCACTCAAAATGACATCAAGAAAATCGTTGCCTTTTCAACATCAAGCCAACTAGGCCTAATAATAGTGACAATCGGTCTCAATCAACCACAACTTGCCTTCCTCCACACCTGCACCCACGCATTCTTCAAGGCCATGCTTTTCCTTTGTTCAGGGTCTATTATCCACAGCCTAAACGACGAACAAGACATCCGAAAAATAGGAGGCATGCACCACCTAACCCCCCTCACATCCTCCTGCTTGACCATCGGAAGTTTAGCTCTCACAGGTACTCCCTTCTTAGCAGGCTTTTTCTCAAAAGATGCTATTATCGAAGCTCTAAACACATCTTACCTAAACGCCTGAGCCCTCTTCCTCACCCTCCTAGCCACTTCTTTCACCGCCATCTACAGCCTTCGAGTAATTTTCTTTGTCTCAATAGGCCACCCCCGCTTCAACCCCCTCTCCCCTATCGACGAAAACAATCCAACAGTTATTAATCCCATCAAACGACTCGCCTGAGGAAGCATTATCGCCGGCCTTCTAATTACCTCCAACATCACCCCCCTAAAAACACCAGTTATGTCCATACCTACTCTTCTCAAAACTGCCGCCCTTGCAGTAACTATCATTGGCCTTCTTACCGCACTAGAACTCGCCTCCCTAACCAACAAACAATACAAACCAACCCCAAAACTTTCTCCCCACCATTTCTCCAATATACTAGGATTCTTCCCAATAGTCATTCATCGCCTCACCCCCAAACTGAATTTAACTTTAGGACAAACCATTGCTTCCCAAACAATCGACCAGACATGACTAGAAAAAATTGGCCCAAAAGCAACCACCACCCTCAACCTCCCTCTAATTACAACGACCAACAATATTCAACAAGGTATAATCAAGACCTACCTCTCCCTCTTCTTTTTTACCTTCGGCCTAGCTCTCCTACTACTACTCTATTAA
