Species	Gene	Code	CDS	Sequence
Euchiloglanis kishinouyei	ND5	2	0	ATGCTAAATACCATTGCAACCACCTCCCTACTACTTACCTTAGTTATTCTTATATGACCCATCATTATAACCCTCAACCCAAAACCCCCTAACCAAACCTGAGCTATTAAACATGCCAAAACCGCCGTAACTACCGCATTTTTTATCAATATAATCCCACTTACCATATTTTTAGATCAAGGAACCGAAACAATCATTACTACATGAAATTGAATAAACACTGCAAACTTTGACATCAACATAAGCTTCAAATTTGACAACTACTCTTTGATCTTTACCCCAGTTGCCTTGTACGTTACATGGTCAATCCTAGAATTCGCATCCTGATATATGCACTCAGACCCCCACCTAAGCCGATTCTTTAAATATTTACTACTATTTCTAGTAGCCATAATCATCCTAGTAACCGCCAACAACCTATTTCAGTTATTCATCGGGTGGGAGGGCGTGGGTATTATATCGTTCATGCTAATTGGATGGTGACATGGCCGAGCCGATGCCAACACAGCAGCCCTTCAAGCAGTCCTATACAACCGAGTCGGTGACGTTGGACTAATCCTAGCAATTGCTTGAATCGCAATAAACCTCAACTCATGAGAACTCCCCCAAATCTTCCTATTATCTAAAGACTTTGACTTAACAGTCCCCCTAATAGGAATTATCTTAGCAGCAGCTGGAAAATCTGCCCAATTTGGACTACACCCATGACTACCCGCAGCAATAGAAGGCCCAACCCCAGTTTCAGCCCTCCTGCATTCAAGCACAATGGTGGTTGCAGGTATCTTTCTATTAATCCGCCTGCACCCCCTAATAGAAAATAACCAACTAATTCTAACCACCTGCCTGTGTCTAGGAGCCCTAACAACCTTATTCACTGCAACCTGTGCACTAACACAAAATGATATCAAAAAAATCGTAGCATTCTCAACATCAAGTCAACTAGGATTAATAATAGTCACCATCGGACTTAACCAACCACAACTAGCCTTCCTTCACATCTGCACCCACGCCTTTTTCAAAGCCATACTATTCCTTTGCTCCGGATCAATCATCCATAGCCTAAACGATGAACAAGATATCCGAAAGATAGGAGGACTACATAAACTAATACCCTTCACAACCTCCTGCCTCATCATTGGCAGCCTAGCACTAACAGGAATACCTTTCCTAGCAGGGTTCTTCTCAAAAGATGCAATCATTGAAGCCCTAAATACCTCCTACTTAAACGCCTGAGCCCTAACCCTAACACTAATCGCCACATCCTTCACAGCAGTATACAGCCTCCGAATCATTTTCTTTGTAACCATAGGCTCCCCCCGATTCCCCTCTTTATCTCCAATTAATGAAAACCATAAAACAATAACTGCACCCATTGAACGCCTAGCCTGAGGAAGCATTATCTCAGGACTAATCATTACCTCAAATTTCTTACCATTAAAAATTCCAACCGCAACTATAACCCCCCAAATGAAACTAGCCGCACTAATTGTTACAATTATAGGGATCATCATTGCACTAACAATAGCCAATGCAACCTCTAAACAAACTAAAATTGCCCCAATCTTAACTCTACACAACTTCTCTAATATACTAGGGTTCTTCCCAAACCTCATTCATCGAACCATACCAAAACTCACCCTAATACTAGGCAAACAGGCCACCAAAATTGACCAACAATGACTAGAAATCGGACCTAAAACCCTGCACCCAACACACCATCGCCTAACTTCATTCTTCGACAGCCCTAACCCTGACACCATCAAAATCTACCTGGCCTCTTACCTGGTTTCCACAATCTTAGCCGCTACCCTTTTAGCTATAGTCTAA
Odontesthes sp. Odsp-001	ND5	2	0	ATGCACCCTACCCCTCTAATAATGACATCCTCCCTTACTCTCATTTTTATTCTCCTGTTATACCCCGTCTTAACCACCCTCTCCCCCCTCCTGAAACCCCCTACTTGGGCCCTAGACCAAGTTAAGACGGCGGTGAAACTTGCCTTCTTTGTTAGCCTTCTCCCCCTCTCCCTGTTTCTTAACGAAGGCGCCGAGGCTATCACCACCACCTGGACTTGAATAAACACCCTAACTTTTGATATTAATATTAGCTTTAAGTTTGACTTCTACTCTATTATCTTCACCCCGATTGCTCTGTACGTTACTTGATCTATTTTAGAGTTTGCCTCCTGATATATGCACGCCGACCCTTTCATGAATCGATTTTTTAAGTACCTCCTAGTCTTTCTGGTTGCTATGATTATTCTTGTTACTGCTAATAACATGTTTCAGCTATTTATTGGCTGGGAGGGTGTCGGGATTATATCCTTCCTTCTGATCGGATGGTGGTACGGACGGGCGGACGCTAATACCGCTGCCCTTCAGGCAGTTCTCTACAACCGAGTTGGGGATATTGGACTTATTCTTGCCATAGCATGGATCGCAATCAACTTGAATTCCTGGGAGATGCAACAAATATTTTCCGCGGCGCACGGCCTGGACTTAACACTCCCCCTCATAGGACTAATCTTGGCCGCCACCGGGAAATCTGCTCAGTTCGGACTTCACCCGTGGTTACCCTCCGCCATGGAAGGCCCTACACCGGTCTCCGCCCTACTTCATTCGAGCACTATGGTCGTTGCGGGCATTTTTTTGTTAATCCGATTAAGCCCCCTCATGGAACACAACCCTATTGCCCTTACTACCTGCCTTTGCCTTGGCGCCCTAACCACTGTCTTTACTGCCACCTGCGCTCTAACACAAAATGACATCAAAAAAATCGTTGCATTTTCTACCTCAAGCCAACTAGGCCTAATAATGGTAACCATCGGCTTAAATCAACCACAGCTTGCCTTTCTTCACATTTGCACCCATGCATTCTTCAAAGCAATACTCTTCCTATGCTCCGGATCAATTATTCATAGCCTTAACGACGAGCAGGACATCCGAAAGATGGGAGGAATACATCACCTCACCCCATTTACCTCTTCCTGCCTCACCATCGGAAGCCTCGCCCTAACGGGCACTCCCTTCTTGGCCGGCTTCTTTTCTAAAGATGCCATCATCGAAGCTCTCACCACATCTCACCTAAACGCCTGAGCCCTCACCCTTACCCTCCTTGCAACCTCCTTTACCGCCGTCTACAGCCTGCGTGTAGTATATTTTGTCTCCATGGGGTACCCTCGATTTAATTCCCTCTCTCCTATCAACGAAAACAACCCTGCGGTCATTAATCCTATTAAACGTCTGGCCTGAGGAAGTATCGTTGCAGGACTTATTATCTTGTCCAACATCCTCCCCCTGAAGACCCCGATTATGACTATGCCCTCCTCCCTTAAACTAGCCGCCCTCGCCGTTACAATTATTGGCCTCCTTACCGCATTAGAACTTGCCTCCTTAACTAATAAGCAATTTAAACCTACCCCTAACCTGGCACTTCACCACTTCTCCAACATGCTCGGATTCTTCCCCTCTATTATTCACCGGTTTACCCCTAAGAATAGCCTTATCCTCGGACAAACTATTGCCAGCCAGATGGTTGACCAAACCTGGATAGAGAAGGTAGGCCCTAAAGCGATTTCATCCGCGAACACCCCCTTAATCTCTACCACAAGTAACATCCAACAGGGCATGATTAAAACCTATCTTTCCCTCTTCTTCTTTACTATAGCTTTGGCTATACTTACCCTTCTCTACTAG
Triphoturus mexicanus	ND5	2	0	ATGCACATAACAACCCTTATCTCATCCTCTCTCCTGCTAGTCCTTGTCCTACTCATCCTCCCCGTTCTTACAACTCTGAGCCCCAACCCTGTACCATCTCAATGGGCCACCTCTCAGGTAAAAACTGCGGTAAAACTGGCATTCTTCGTCAGCCTGGCCCCACTATTCGTCTTCTTAAACGAAGGCACAGAAACCATCGTCACCAACTGAACCTGAATAAGCACGCTGACGTTCGACATCAACCTGAGCTTCAAATTCGACCACTACTCAATTATCTTTACACCCATCGCCCTTTATGTGACATGATCAATCCTAGAGTTCGCATCCTGATATATGCATGCTGACCCCCAAATGAACCGCTTCTTTAAATTCCTTCTCATCTTCCTGATTGCTATAGTTGTACTAGTCTCCGCAAATAATATATTCCAAATCTTTATTGGCTGAGAGGGGGTCGGGATTATATCCTTCCTTCTAATCGGCTGATGGTACGGACGTGCCGATGCCAACACAGCCGCCCTCCAAGCAGTGATCTACAACCGCGTCGGAGACATTGGACTAATCCTCGCAATAGCATGACTCGCGACCAACCTAAACTCATGAGAAACACAACAGATATTTGCAGCATCTAAAGACATAAACCTCACCCTTCCACTAATGGGCCTTATCTTGGCCGCCACAGGCAAATCAGCCCAATTTGGATTACACCCCTGACTTCCCTCAGCAATGGAAGGCCCAACCCCTGTATCCGCCCTACTTCACTCAAGCACTATAGTTGTAGCGGGCATCTTCCTCCTGATTCGACTAAGCCCACTCATCGAAAACAACCAAACAGCATTAACAATGTGCCTCTGCCTGGGCGCACTTACTACCCTATTCACAGCAACCTGCGCACTCACTCAAAATGACATCAAGAAAATCGTTGCATTCTCCACTTCAAGCCAACTAGGACTAATAATAGTCACCATCGGCTTAAACCAGCCACAGCTAGCATTCCTCCATATTTGCACTCATGCATTTTTCAAAGCAATGCTCTTCCTATGCTCCGGATCCATTATCCACAGCCTTAACGACGAACAAGATATTCGAAAAATGGGTGGTATACATCACCTTGCCCCCTTCACATCCTCCGCACTTACTATTGGAAGCCTTGCCCTTACAGGTACGCCCTTCCTGGCCGGATTCTTCTCAAAAGATGCTATCATCGAAGCCATAAACACGTCCCACCTCAACGCCTGGGCCCTAACCCTAACACTACTTGCCACTTCGTTCACAGCAGTCTATAGCCTGCGAGTAGTCTTCTTCGTTTCAATGGGGCACCCTCGGTTTGCACCACTCTCCCCAATTAATGAAAATAACCCCGCAGTAATCAACCCCATCAAACGACTTGCTTGAGGAAGTATTATTGCCGGACTCTTAATCACCTCTAACCTCGTCCCCCTGAAAACGCCTGTCATAACCATACATCCCTCCTTAAAATTAAGCGCACTAATTGTTACCATCCTTGGACTATTAACTGCCCTCGAACTCGCATCAATAACAAGCAAACAAGTTAAAATTACTCCCACCCTAGCCGCACATCATTTCTCCAACATGTTAGGGTATTTCCCCGCCATCACCCACCGTGCAACCCCTAAAATGGGCCTTGTCCTCGGCCAGTCGGTTGCCTCACAGACAATCGACCAAGCATGATTAGAAAAGGCGGGCCCTAAAATAATTACCTCTGCTCAGCTCCCCTTAATTTCGACCGCAAGTAATGCCCAACAGGGGTCTATTAAAACCTACCTCTCCTTATTCTTCATGACCCTTTGCCTTGCAACCCTCGCCACCAACCTTTAA
Amphiprion frenatus	ND5	2	0	ATGTTAAACAACTCTGCCACAACAACCATGATCCTAACTTCCCCCCTCTATATAACATCCTGTATAATCCTAGTATTCTTCGCCCTTTCCTACCCAATCTTTACCTCTCTATCCCCCAAACCCTTAAAAAACGACTGAGCCATTACCCACGTGAAAAAAGCAGTAAAATTAGCCTTCTTCATTAGCCTCCTACCACTCTTCCTATTTCTAAACCACGGCACAGAAACAATTATAACTGACTGAAAATGAATAAGCACAGATACTTTCAACCTTTACATCAGCCTAAAATTTGACTTCTTCTCAACTATCTTCACCCCAATTGCCCTATTCGTGACATGGTCTATTCTAGAATTTGCCTCATGATACATACACGCAGACCCAAACATAAATCGCTTCTTCAAATACCTATTAATCTTCCTCATCACCATAATCATTCTAGTAACCGCAAATAACATATTCCAACTCTTTCTTGGCTGAGAAGGAGTTGGAATCATATCATTTCTTCTCATCGGATGATGATACGGCCGAGCAGACGCTAACACAGCAGCCCTACAAGCAGTCCTTTATAACCGAGTTGGAGACATCGGACTAATCTTTGCAATAGCATGATTCGCCACCAACCTAAACTCATGAGACCTGCAACAAGTGTTCACTGCCTCTAAAGACATAGACCTGACATTTCCCCTCTTAGGGCTAATCATTGCCGCTACCGGCAAGTCAGCCCAATTCGGCCTCCACCCCTGACTCCCCTCCGCTATAGAAGGCCCCACCCCCGTCTCTGCTCTATTACATTCAAGCACAATGGTTGTTGCAGGCATCTTCCTTCTTGTCCGAATAAGCCCTTTATTAAAAAACAACCCAACAGCCCTCACTACCTGCCTATGCCTCGGCGCACTAACCACCCTATTTACCGCAACTTGTGCTTTAACCCAAAATGATATCAAAAAAATTGTTGCATTCTCAACATCTAGCCAACTAGGACTAATAATAGTAACAATTGGCTTAAACCAGCCCCAACTTGCTTTCCTACACATCTGCACCCACGCCTTTTTTAAAGCCATGCTATTCCTCTGCTCCGGCTCCATTATCCACAGCCTGAACGACGAGCAGGACATCCGAAAAATAGGCGGAATAAACCACCTCACACCATTCACATCATCCTGCCTCACCCTAGGCAGCCTTGCCCTCACAGGCACCCCCTTCTTAGCCGGCTTCTTCTCCAAAGATGCCATTATTGAAGCACTAAACACCTCTTACCTTAACGCCTGAGCCCTAGTACTAACCCTACTAGCTACCTCTTTCACAGCTGTATATAGCCTACGAATCGTATTCTTCGTTTCCATAGGAAACCCTCGATTTACCCCCATCTCCCCTATTAATGAAAACAACCCCACAGTGATCAATCCTATCAAACGACTAGCTTGAGGCAGCATCATCGCCGGCCTACTAATTACATCCAACATACTTCCAATAAAAACACCAATCATGTCTATACCCCCTATCCTCAAACTAGCAGCCCTCATTGTAACCCTACTAGGAGTTTTAACTGCCATTGAACTAGCCTCATTAACCAACAAACAATTCAAAATCACCCCTAACCTAACCGCACACCACTTCTCCAACATACTAGGCTTCTTCCCAGCCATCATCCACCGACTTACCCCTAAACTAAACCTTATCTTAGGACAAACCATCGCTGCCCAAACGGTAGACCAGACATGACTAGAAAAAACAGGCCCTAAAGCAATTGTTTCCCTCAATGAGCCACTAATCGAAACCACCAACAACATCCAACAAGGCATAATTAAAACCTACCTCTCCCTATTCTTCTTCACCCTTGCCTTAGCATTACTTTTACTACTTATTAGA
Glaridoglanis andersonii	ND5	2	0	ATGCTAAACACCATCGCAACTACCTCCCTACTACTTACCCTAGTAATCCTCGTATGACCCTTAATAACAACCCTCAGCCCAATACCCCTTAACCAAGACTGAGCCACTAAATATGTTAAAACCGCTGTAAGCACTGCATTCTTCATTAACATTATCCCCCTAATAATCTTCCTAGACCAAGGAATAGAAGCCACCATCACCACATGAAACTGAATAAACACTGCAAACTTTGACATCAATATCAGCTTTAAGTTTGACCACTACTCATTAATCTTTACCCCTATTGCCCTATACGTTACATGATCAATCTTAGAGTTTGCATCATGATATATACACTCTGACCCCTACTTAAACCGATTCTTTAAATACCTCCTGCTATTTCTTGTAGCTATAATTATCCTCGTCACCGCCAACTATTTATTTCAATTATTCATCGGATGAGAGGGCGTAGGAATTATATCCTTTCTACTAATCGGATGATGACACGGGCGAGCCGACGCCAACACAGCAGCTCTACAAGCAGTCCTATATAACCGAGTCGGAGACGTAGGACTAATCCTGGCCATTGCTTGAATTGCAATAAACCTCAACTCATGAGAACTCCCCCAAGTCTTTCTATTATCTAAAGACTTTGATTTAACCTTACCCCTAATAGGAATTATCCTAGCAGCCACCGGAAAATCCGCCCAATTTGGACTCCACCCATGACTGCCCTCAGCAATAGAAGGCCCAACCCCGGTCTCAGCCCTACTACACTCAAGCACAATAGTCGTTGCAGGAATCTTCCTATTAATCCGACTACACCCCCTAATAGAAAATAACCAACTAGCTCTAACCACCTGCCTATGCTTAGGAGCCTTAACAACTTTATTTACTGCCACCTGCGCATTAACACAAAACGATATCAAAAAAATCGTAGCATTTTCAACATCAAGCCAACTAGGACTAATAATAGTTACCATCGGACTTAACCAACCTCAACTTGCCTTCCTACACATTTGCACCCATGCCTTCTTCAAAGCCATACTATTCCTCTGCTCTGGATCAATCATCCACAGCCTAAACGACGAACAAGACATCCGAAAAATAGGAGGATTACACAAACTAATACCTTTTACCTCTTCCTGTCTCATCATCGGTAGCCTTGCGCTCACGGGTATACCCTTTCTAGCAGGTTTCTTCTCAAAGGATGCAATTATTGAAGCCCTCAACACCTCTTACTTAAACGCCTGAGCCCTAACCCTAACATTAATCGCCACATCCTTCACAGCAGTATATAGCCTCCGAGTCATTTTCTTCGTAACCATGGGCTCCCCCCGATTCCTGCCCCTATCCCCAATCAATGAAAACCACAAAGCAGTCATCGCACCCATTGAACGCCTAGCCTGAGGAAGCATCATTGCAGGACTAATTATTACCTTAAACTTCTTACCATCAAAAACACCAACCATAACCATAACCCCCTCCCTAAAATTAGCTGCTCTAATTGTTACAATCATAGGAGTAATCATCGCATTAACCCTAGCCTCTGCAACTTCTAAACAAATTAAAACCACCCCCACCCTAACATTACACAACTTCTCCAACATGCTAGGATTCTTCCCCCATATCATTCACCGACTTACCCCCAAACTCAATCTAACACTAGGCAAACAAGCCACCAAAATTGACCGACAATGACTAGAAATTGGACCCAAAGGCCTTCACCCACTACACCATTACCTAACCTCATTATTTGATAACACTGACACCAACATCGTTAAAATCTACCTAACCTTCTACCTAATCTCCACAGCCCTAATCACCACCCTCCTAGTTTTACTCTAA
Tragelaphus oryx	ND5	2	0	ATAAATATATTTTCCTCCTTCACACTAATTACCCTACTCCTACTAACCATGCCTGTGATAATAACAAGCTCCAACATCCACAAAACTCCTAACTACCCACTATACGTAAAAACAACCATCTCATATGCCTTCTTTACCAGTACCATCCCGACAATAATATTTATTCACACGGGCCAGGAAACAATCATCTCAAACTGACACTGACTAACCATCCAAACCCTTAAACTATCATTAAGCTTTAAAATAGACTATTTCTCAATAATATTTGTCCCAGTAGCACTATTCGTCACATGGTCCATCATAGAATTCTCAATGTGATACATACACTCAGACCCCAACATTAACAAGTTTTTCAAATACTTACTTCTATTTCTCATCACAATACTAATCCTCGTCACCGCTAACAACCTTTTCCAGTTATTTATTGGATGAGAAGGCGTCGGAATCATATCATTTCTACTTATTGGGTGATGATACGGACGAGCAGATGCAAATACAGCAGCCCTACAAGCCATCCTATATAACCGCATCGGAGACATTGGATTTATTCTAGCAATAGCATGATTCCTAGCCAATCTAAATGCCTGAGACCTCCAACAGATCTTCATACTAAATCCAGACAACTCTAACATTCCTCTTCTAGGCCTAGTACTTGCTGCAACCGGAAAATCCGCCCAATTTGGCCTACACCCATGACTCCCCTCTGCAATAGAAGGCCCAACTCCTGTTTCAGCATTACTCCACTCAAGCACAATAGTAGTAGCGGGCATCTTCCTATTGATCCGCTTCTACCCATTAACAGAAAATAACAAATTTGCCCAATCCATCATATTATGCCTGGGAGCCATCACCACACTATTTACAGCAATATGCGCCCTTACACAAAACGACATTAAAAAAATTATTGCTTTCTCTACATCAAGTCAACTAGGCCTAATAATAGTAACAATTGGCATTAACCAACCCTACCTGGCATTCCTCCATATCTGCACCCATGCGTTCTTTAAAGCCATATTATTTATATGCTCCGGTTCCATTATTCACAGCCTAAATGATGAACAAGATATTCGAAAAATAGGTGGCCTATTCAAAGCCATACCATTCACCACAACAGCCCTTATTATTGGCAGCTTAGCACTAACAGGAGTACCTTTCCTCACAGGGTTCTACTCCAAAGATCTAATCATCGAGGCCGCCAATACGTCGTATACCAACGCCTGAGCCCTTTTATTAACATTAATTGCCACCTCTTTCACAGCCATCTACAGCACCCGAATTATCTTCTTTGCGCTTCTAGGGCAACCCCGCTTCCCAACCCTAGTAACTATTAATGAAAATAACCCTCTTCTAATTAACTCTATCAAACGCCTCCTAATCGGGAGCCTCTTCGCAGGATTCATTATCTCTAATAGCATGCCACCAATAACAGTCCCCCAAATAACCATGCCTTTCCACCTAAAAACAACAGCCCTAACAGTCACAATCCTAGGCTTTATTCTAGCCCTAGAAATCAACAACATAACCCAAAACCTAAAACTTTACCACCCTTCAAATAGCTTCAAATTCTCCAATATACTAGGATATTTCCCCACAATTATACACCGCCTGATTCCCTACGCTAACCTGACAATAAGCCAAAAATCTGCATCCTCTCTCCTAGACTTAATCTGATTAGAAAATATTCTACCAAAAACAATCTCACTCACCCAAATAAAAATATCCATTATAGTAACGAACCAAAAAGGCCTGATCAAACTATATTTCCTCTCTTTCCTAGTCACAATCCTCGTCAGCATAATCCTATTTAATTTCCACGAGTAA
Arctocephalus townsendi	ND5	2	0	ATTAATTTATTCGCCTCATTTACTATTATAACACTATTTATACTCATGATACCAATCATCCTGGCCAGCACTCCAATCTACGAAAGCAAATTCTACCCACAATACGTGAAAACTACTATCTCTTACGCTTTCATAACCAGCATAATCCCCGCAATAATATTCATTTCCTCGGGACAAGAAATAATCATCTCAAACTGACACTGAATGACTATTCAAACTATAAAATTATCATTAAGCTTCAAACTAGATTATTTCTCAATAATTTTCATGCCCGTGGCCCTATTCGTCACATGATCCATCATAGAATTTTCAATATGATATATATCCTCAGATCCTTACATCAACCGATTCTTCAAGTATCTATTAATATTCCTTATTACCATAATAATTTTAGTTACCGCGAACAACCTATTCCAATTATTCATCGGATGAGAAGGAGTAGGCATTATATCTTTCCTGCTCATCGGATGATGATATGGACGGTCAGATGCAAACACAGCCGCCCTTCAAGCAATCCTTTACAACCGCATTGGAGACGTAGGCTTCATCATAGCCATAGCATGATTCTTAACTAACCTAAACACGTGGGACCTCCAACAAATCTTCATAGTTCACCATAACGACCTAAACATACCACTCATAGGTCTTCTACTAGCGGCAACTGGCAAATCAGCCCAGTTTGGCCTACATCCATGGCTACCCTCAGCCATGGAAGGGCCCACACCAGTATCAGCCCTATTACACTCAAGCACTATGGTCGTAGCTGGAGTGTTTCTACTGATCCGATTCCATCCTCTAATAGAACATAATATAATAATACAGACAACTACCCTATGCTTAGGAGCCATCACCACACTATTCACAGCAATATGCGCCCTCACCCAAAATGACATCAAAAAAATCATCGCGTTCTCGACTTCGAGCCAATTAGGACTAATAATCGTCACAATCGGAATCGGCCAACCATATCTAGCATTCCTACACATCTGTACACATGCGTTCTTTAAAGCCATACTATTTATATGCTCCGGATCCATCATCCACAACCTAAACGACGAACAAGACATTCGGAAAATAGGAGGCCTATTCAAACCAATACCATTTACCACTACCTCACTAATTGTTGGCAACCTAGCACTTACAGGCATGCCATTTCTCACAGGATTTTACTCCAAAGATTTAATTATCGAAACCGCCAACACATCGAACACCAACGCCTGAGCCCTACTCTTAACCCTAGTAGCCACATCTATAACAGCTGCCTACAGCACCCGAATAATATTTTCCACACTCCTAGGACAACCCCGATTTAACTCTACGATTTCAGTGAACGAAAATAATCCACTATTAATCAACCCCATCAAACGTCTACTACTCGGAAGCATCTTCGCAGGATACCTAATAACCCTCAATATTCCACCCATGATGATCCCACAACTAACTATACCACACCACCTAAAACTCACAGCCCTCACCGTAACACTACTAGGTTTCACACTGGCCCTAGAACTCAGCACAACTTCGCTAGACCTCAAATTCCAACACGCCTCAAACCTATCCAAATTCTCAAACCTCCTGGGATACTTCCCCACCATTATCCACCGCTTAGTACCAGCGACAAACCTAACAGCAAGCCAAAAGCTAGCCTCTACACTAATGGACATAATCTGACTAGAATATCTATTACCAAAATCCATTTCCCACCTAAACGTGAAATCATCAATCACCATCTCTAACCAAAAAGGCCTAATCAAACTATATTTCCTATCCTTCATGATTACCCTGATCCTAGCCCTAATTCTAACAACAGCTAATTCCCACGAGTAA
Styela clava	ND5	13	0	GTGTTGTTTTTATTACTTTTTTACTTTTTACAATTTCCTCTGATATTATTTTATTTTTATTTTTTATGAAGTAGGTTTAATAGTAAGTATGTTAAGTTTATATATAAGATTAATTTAGTATTAATGTTTTTTATTTTGTTGTCTTTTGTGTTGAAGGGGATGAGTTTTACTGTTGGATTAAATATTTGGTCTTATTTTGTTTTTAGGAGTGGGTTTAGGTTGGTGTTGGATGTTCAAAGTGTGTTATTTACTTTAATTATTTGGATTGTCTCCTGGTCTATTATTTTATTTAGTGAAAATTACATGAATTCAGAAATATACATATATAATTTTGTCTTTTTGTTATTGATGTTTATTTTTTTTATGGTGGTATTAGTAATGTCCAGAAATTTTTTGATATTACTAATTGGTTGAGAGGGAGTTAGAGTTATATCCTATTTGTTAATTTCCTGGTGATCTATGCGTTATTTAGCAGTGAACATAGGGATACAAGCTGTGCTTTTTAATCGTATCGGTGATTTTGGGCTTTTATTGATTATTTTTACGAGGCTTGTTTATGGCTTTGGGCCGGTAATAAATAGGTATGTGGGTAAAAACCTATTTATAGTTTTTTTGTTGTTTGGTGTTATAGCTAAGTCTTCTCAAATTTTTTTTCATCCTTGGTTACCTAACGCTATAGAGGGCCCAACCCCGGTTTCTTCTTTATTACATAGTTCTACTATGGTGGTAGCAAGGGTGTATTTGTTGTTGCGGTTGTCTGATTTTTATATGTTTTCTTATCTTATTACGTATGTTAGGGCTTTGACTATATTAATAGGCGGCCTATTTAGTGTTTCTCAGTTTGATTTTAAGAAGATTGTGGCTTATAGTACTACTAGCCAATTGAGGTTTATATTTGTTTTAATTGGGTTAGGGCTAAAACAAATTTGTTTATTGTATGTTTGTATCCATGCTTTTTTTAAGGCTATACTGTTTCTTATTAGTGGTGCCTTTATTCACGGGGTAAATTCGGTGCAAGATTTTCGGATTATGAAAATGACTACTTTTATTAATGAGTCTTTTACTTATTTTTTTGCTTTTGGGAGTTTTGTAATGATGGGATTTCCCTTTATGTCGGCCTTTTATATGAAGGATATTATAGTGGATTATACTAGTGTAACTTTCTTTAATGTCATATTAATAATTTTATTGTTTTTAGGTCTTATGACGACTTGTATTTACTCTCTTCGAATTATTTTTTATATGTTAAGGCATTTATATTTGAACTTAACAAAAAATAATAGGATAGAAAACATAGTAATAAGATATTATTATGTTCGTTTACTGGTTTTGTCTTTAGTTTCAGGGCTTTTGTTGTTTTACTTTTACGGTCCTAATGTGGAATTTTTAGTATTTTTAGGGGATAAACTTAAGCCCATTTTATTTATTTTGTTTTCTGCAGTGATTGTAATTTTGGCTATAATCCGCCCTAACTTTCATATATTATATATTAGGAAATATATGTTATTCTATAACCCCGCCCTCTTTAAGAAAATTTCCACATTGATTGATGTGTTTAGTTGGTTTTGGTTACTGGTTGATTATTTTTTTATGGAGTTATTATTTTCTATGTTTTTAAAAAAATACACATTAATTAATTCAAAGTATATTTATTTATTTACGGGGATTATTTTTGTTGTTTTCTTGTTTATTATTAATTAA
Setaria labiatopapillosa	ND5	5	0	ATTTGGGAAGTTCTTGTTTTTTATTTTTTTGTTTTTTTATTAATTATTTTTTTACCGTATGGTAAAAGGTCTTATAGTTTTGGTTATAATGATTTTTTTAGTTTTTTTTTTAGATATAATTTTGAAGTTTGTTTGTTTTTTTTAGTTTTATTAATTGTTTCTTTTATGATTTTTATTTATGGGTCTTTTTATATAGTTGGTGTTTCTCGTTTGTTTTATTTTTTTTTTGTTTTGTTTTTATTTGTTATAAGAATGGCTGCTTTAATTGTTTCTTGTGGAAATATTATTATGACTTTAGTTTTTTGGGCTTTTTTAGGTGTTAGAAGTTTTTTTTTGGTTTTGTTTTATGGTAATGTTGGTTCTCGTATAGGATCTATGAGTACTATTTTTACTAATCGTATTGGTGATTTTTGTATTTTTTTATTTTTTAATGGTTTTATTTTGTTTTCTTTGGGAAGTTTTTCTTATCAGTTTTTTGGTTCTTTATTAGTTTTTATATTATTTGTATCTGCTTTTGTTAAGGGTGGACAATATCCTTTTGGTAGTTGATTACCTAAGGCTATAGCTGCTCCTACTCCTGTTAGTTGTTTGGTACATAGTAGTACTTTGGTTACTGCTGGTATTATACTTATGGATTGTTATAGTTATTTATTTACTAATTCTGATGTTTTATCTTTTGTTTTTTATGTTGGGTTTTTTACTATAATTATTTCTGGTTTGTGTTCTCTTATTGAAGAGGATGCTAAAAAGATTATTGCTTTAAGTACTATGTCTCAGATTGGTTTTTGTTTTTTAGCTATTGGTTGTGGTTTGCATTATGTTTCTTATATTCATATAATTAGTCATTCTTTTTTTAAAAGTTTATTATTTATACAAATGGGTTATTTAATTTTTATTAATTTTGGTCAGCAAGATTATCGTGGTTATTCTAATTTTAGTTTTTGTGCTCCTGTTTTAGTTCAATTACAGGTTTTTTTATCTATTTTTTGTTTGTGTGGATTATTGTTTACTAGTGGTTATTGTAGTAAGGAATATTTTATATCTCGTTTTTATTTTGATTCTTTTGGTATTTTTTTGGTTTTTTTTTATTTTATTGGTGTTTTTTTAACTTTTTGTTATTGTTATCGTATTTTGTATTTGTTTCGTGTTGGTTGTTCTGGTTTTGATTATGTTGGTTTTTCTAGAATTTTATTTTATTTTTCGAGTTTTTTTTTAGTTTTTTTATCTGTTGTTTTTACTTTTTGGTGAATTTTTAGATTATTGAATTTACCTTTGGCTTTTAATCGTTTTGAATATTTGGGTGTTTTTTTTTATTTATTTTTTATTTTTTGTTTTTTTAATTATTTTTTTGGGTATTGTATTATTGAGTTAAAGAGTAAATTTTTTATAGATCATTATGCTCGTTATATTTATAAGGTATTTCCTAATTTTAGTTATTTTGATATTTTTATTGTTAGTTTTAATTATTTTTTTTGAGGTGTTACTCGTTTATTTTCTTTTTTTTTTTTTTCTTTATTTCCAGGTTTTTATCATTTTGGATTTTTAATTGTGTTTTTTTTTATATTGTTTTTTTTGTTTATTTAG
Leptobrachium boringii	ND5	2	0	ATGAATCTACCCCTCATTTTCAACTCTTCAATACTTTTAATTTTATTAATCATCGCTTACCCCCTCTTTTCCTTTTTTTTATACTTGGACTCCCCCTCTTCTAATGATATTAAAACCTCTATTAAACAAGCCTTTTTTCTTAGCTTGCCCCCTCTATTTATCTTCTTAGACCAAGGCGCCGAATCTGTTGTTACCAACTTCAAATGAATAAATATTAACCTTTTTGACATTAGTATCAGCTTTAAATTTGACCTTTACTCTATCTTCTTTATACCTGTCGCTCTCTTTGTGACTTGGTCTATTTTAGAGTTTGCTATTTGATATATAGCGTCAGATCCCCAGATCAACCGATTTTTCAAATACCTCTTAATCTTCCTAATAGCCATAATTATTCTCGTTACCGCTAATAACCTTTTTCAGTTCTTTATTGGGTGGGAAGGAGTAGGGATTATATCTTTTCTTCTCATTGCTTGGTGACACTCACGACCTGATGCTAACGCAGCCGCCCTTCAAGCCGTTATTTATAATCGAGTCGGGGATCTAGGCTTGATTATTAGTATAGCTTGAATAGCAATAAATCTAAACTCCTGAGAAATTCCTCAATTATTCAGCCTCTACAACCAACAAACTATCGTCCCATTGCTTGGTTTTATCTTAGCTGCGTCAGGTAAATCCGCCCAATTTGGCTTACACCCTTGACTACCTGCAGCGATAGAGGGCCCAACTCCCGTCTCTGCGCTACTTCACTCTAGCACCATGGTAGTCGCCGGAATCTTTCTATTAATTCGTATTCATCCTATATTATCTCAAAATGACACTGCTCTAACTATCTGCCTCTGTCTAGGCGCATTAACTACCTTATTTACGGCAGCCTGCGCCTTAACTCAAAATGATATTAAAAAAATTGTGGCCTTCTCTACATCAAGCCAATTAGGCCTTATAATAGTTACCATTGGGCTTAATTTTCCTCAACTGGCATTCTTTCATATCTGTACCCACGCTTTTTTTAAAGCTATACTATTCTTATGTTCAGGGTCTATTATTCACAGCCTGAATGATGAGCAAGATATTCGTAAAATGGGGGGTCTACAAAAAACTCTCCCCGTCACAACTTCTTGCTTAACTGTAGGCAGCCTAGCTCTAACTGGAACCCCCTTCCTTGCGGGATTTTTCTCAAAAGACGCAATTATTGAAGCTTTAAACACCTCTATAACTAACTCATGAGCATTAATTATTACTTTAATCGCAACTTCATTTACAGCAGTTTATAGTTACCGAATTATTTACTTCGCCTCTATGGGAGCCCCGCGTTCACTACCATTAAGCCCTATTAATGAAAATAACCTATTTGTTATTAACCCTATTAAACGCCTAGCTTGGGGTAGTATACTATCAGGGTTAATAATTTATCTTAATATAAATCCCATAAAGACCCAAACACTGTCCATACCGCTCTCCTTCAAGCTAGCCGCCTTGCTCGTTACCTTCTTGGGCTTGTTACTTGCCATTGACTCTCTTAACATTACTAATAACCAAACTTCTCACAAAGCCCAGACCCCTTATCTATTTTCTAACCTGCTAGCATTCTTCCCCTCTCTGCTTCATCGCTCTTTACCTCAAAAAAACCTAAACTTTGCCCAAGAGATCGCCACACACGCCATTGACTTGACATGACTAGAAAAAGCAGGACCCAAAACAATTATTGATATTCAATCCACCCCAATTTCCATTACATCCTCCTTTCAACAAGGTTTAATCAAGACCTACCTTACTTTTATTCTGATCTCAGCCATTCTTATCTTCTCTGTGGTTTTTTGAGGGGCCCAAAGG
