Species	Gene	Code	CDS	Sequence
Tubastraea micranthus	ND6	4	0	ATACTAGGATTTGGAATTGTTGGTTCTGGAATTATGGTAATATCAGCGCTCAATCCCATTCATTCGATTTTTTGGTTAGTTGTTGTCTTTACTGGCTCTGCGGTTTTTTTTCTTTGGCTGGGGATAGCTTTTGTTGCTTTAATGTTTTTAATAATTTATGTGGGGGCTATTGCTATTTTATTTTTGTTTGTAATTATGCTATTGAATTTAACAGATTTTCCCCCCGCTTTTCGATTGGGTGGGGAGGCAGATATGACAAATTACGTTCCTATTGGGTTACTTATTGGAACATTTTTTTTTTCAGAAGTTGCTTCTAGTTGATTAATAATAGGTGGCTCTTATACTCATCGAGCTTTTTTTGGGGCTGAAATAAGAAGGGCTTGAGATTTGGCTACCCCCTGGTTTTTAATGAAGTATCAAAATATGGAGGCGATTGGACGAATTTTGTATATAGCTTGTTATTATTTATTTATTTTGGCCAGTCTTATACTTTTAGTAGCTATGATAGGAGCGCTAGTATTAACACAAGAAGTTGGATCAGAAGTAGGGCCCATGGTCAAAAGACAAGATATTTTTTTTCAAACTAGTCGGTAA
Anopheles rangeli	ND6	5	0	ATTACAAAATTAATTATTATAACATTATGTTTAATTATAAGATTTATTTTTATACAAATAAAACATCCTTTATCAATAGGATTAATATTATTAATTCAAACCTTTTTAACTTGTTTAATTACAAGAATTTATGTAAAAACATTTTGATTTTCATATGTTTTATTTTTAATTTTTTTAGGAGGAATATTAATTTTATTTATTTATGTAACATCATTATCTTCAAATGAAATATTTTCAATATCTTTTAGATTAACTATAATCAGTCTAATTATTTTTTCTATTTTTACTATTTTATTTTTTATTATAGATAAATCATTAATTGAACAATTTATTACAAATATAGAAATAGAAAAATTATCTAATATAAATAATTTAATTAATGAAAATATTTTATCATTAAATAAAATATACAATTTTCCAACTAATCTAATTACATTACTTTTAATTAATTATTTATTTTTAACTTTATTAGTAACTGTAAAAATTACAAAAAAATTTTATGGCCCTTTACGACCAATAAACTAA
Apilitermes longiceps	ND6	5	0	ATTATATCAATAAGAACACTAACAAGAATTATATTTACACAAATAAAACACCCTATAGCAATAGGCATAATATTACTTATACAAACAACAATAGTATGCTTAATTAGAGGAACAATATATAAAAGATTCTGATTTTCATACATCTTATTCATAATCATAATCGGAGGTATATTAGTACTATTCATATACATAACAAGATTAGCGTCAAACGAAATATTCTCACCATCAAATAAAATAATAATATTATTACCAGCACTACCAATCCTAATATACATTATAGAAACAACAATTAACAATAAAGAAATAAATACACACGAAACCATAGAAGAAAACGAAACCACAATCACCACAACAGTAATATATAACCAAATAATAGGAACCATAACAACACTACTAGTATTATACATACTAATAACACTGATTGTAGTAGTAAATATTATCAACGTATCAAAGGGACCATTACGACACACAAGATAA
Astalotermes murcus	ND6	5	0	ATATCAATAAGAACAATAACAAGAATTATATTCACACAAATAAAACACCCGCTAGCAATAGGAATAATATTACTAATACAAACAACAATGGTATGCATCATCAGAGGAACAATATATAGAAGTTTTTGATTCTCATACATCCTATTTATAATCATAATTGGTGGAATATTAGTACTATTTATATATATAACAAGACTAGCATCAAACGAAATATTCTCACCATCAAATAAAATACTTTCAATAGCAATAATCACAATACCCTTATTAATTTACATAATACCTATTGTAACCAACAACAAAGAAATAAATACTCACAACACAATAATAGAAACCGAAATCCTAACCACAACAACCGTAATATATAATCAAATAATAGGAACAATAACAACTCTGCTGGTACTATATATACTAATAACACTTATTGTAGTAGTCAACATCATTAACGTATCAAAAGGACCTTTACGACAAATAAACTAA
Abidama producta	ND6	5	0	ATTAAAACAACCATTATAATAATATTTATATTATCATCAACATTATTTCTAATAATAAAACATCCCTTATCATCAGGATTCATATTATTAATACAAACAACTTTTTCATGCATAATTAATAGAATAAACTCATATTCATATTGATTTTCATACATCCTATTTATTATTTTTATTGGAGGAATAATAGTTCTATTTATTTATATTGCAAGAATTGCATCAAACGAAAAATTTAAATTTTCCATAAAAACTATAATATTATTAATAATAATTATAATTATTACAATAATAATTGATAAAACAATAATAAATAGTACAATAAATGAACTAATATTATATATTAAAAATACAAAAACAAATAACAAAGAAATAATTTCAATTATAAAAATATTTAATTTCCCAACAATAATACTATCAATATTAACAATTATCTACTTATTATTAACCTTAATTTCAGTTGTAAAAATTACAATAATTGAAAAAGGACCTTTACGAATAAAAAACTAA
Hydroporus signatus	ND6	5	0	ATTTACTTTATTATTATATCAATAAATTTAATATTATCTTTAATTTTTTTATTTATAAATCATCCTATATCTATAGGAATAATTTTAATAATTCAAACTATTTTAATTGTTTTAATCACTGGAATATACTCATTTTCTTTCTGATTTTCATATATCTTATTTTTAATTATAATTGGGGGAATATTAATTCTATTTATATATATAACTAGACTGGCATCCAATGAAAAATTTATATATTCAAAAAATATTATCTTATTAATTTTTATTGTAATTATATTTACTATAATTATATATATAACTAATGATTTTATAATTATTAATTATATTCAAAAAAATTCTAATATTTTTGAATCTTTAAATAATTGTAGAATACAAAATAATGAAAATTTAAATTCTTTATATATATTATATAATTCACCTAATTATCTAATTAATATTTTAATAATTAATTATTTACTAATCACCTTAATTGCAGTAGTAAAAATTACTAAATCTAATACTGGACCTTTACGACAAAAATTTTAA
Bombus terrestris lusitanicus	ND6	5	0	ATGAAAACTTTATTAATTCTTAACCTTATAATATACATAAATTTAAATATTAATTTAATATTAATTATTTATTATTTTTATATAAATATCTTCAATTCACCTTTAAAACAATTAATTTATTTAATTTTATATATTATTTATATAACTTTTAATACTTTAATTTTAAAACAAAATTTTTCAATAAATCTTTATATTTTAATAATTATTTTTATTAGAGGAATTTTAATTATATTTTCTTATTTTATTAGATTAATTAATAAAATAAAAAAAAAAAATAATACTTATAAAATATTAATTTTAAATTCATTTATTTTATTAATTATAATTTTTCAAATTTATCAAATAAAAATTATTCTTAAATATTTAAATTTTAATTTTTATAAAAATAATAAATTTAAAATTATTAAAAATTTATATTATAAACCAAATCATTTAATTTTATTAATAATTATTATTTTCTTAATCTTAATATTATTCATTATAACAAAAATCTGTTATATTAAAAATAAAAATTTACGAACAAAAAAATGAAAAAAATAA
Gryllus veletis	ND6	5	0	ATTTATTTACTTATATTTATTATAATAATATTAACAATCAACTCATTTTTCATTATAATAAATCATCCACTAGCTATTACCTTACTCATTATTATCCAAACATTAATAATTTGTATTATAACAGGATCAATCTCTTATTCATTTTGATTTTCCTACATTCTATTCCTTATTTTCCTAGGAGGAATACTAGTATTATTCATTTATATTACAAGACTAGCATCAAATGAAATATTTCAACTACCCATAAAAACTATAATTATTAATTTTTTAATATCCACCATTATTATTTTAATTATAAATAATATTTACAATTATATATTATCATTTCATTTACACAAAAATGACTCCTTCATAAATAAAATTATTAATATTACAATAGAAAATAATAACTTAAATCAACTCTATAATTATCCAAACTTCATTTTAACAATTATTACAATTACTTATCTATTAATCACATTAATTATTATTGTTAAAATTACATCCTTTCAAGAAGGACCATTACGACAATCAAATTCATAA
Schistocerca gregaria gregaria	ND6	5	0	ATGATCAAAATAATAATTATATCATTATCAAATGTAATAAATATTAATTTTATTAAATTAAGACACCCAATATCAATAATGCTTTTTATTATCCTTCAAACCTTCCTAGTTGGATTAATAACAGGAACAATAATAGAAAGATATTGATTATCATATATTTTATTTTTAACATTTCTTGGTGGTATACTAGTATTATTTATTTACATTACAAGAATTGCATCAAACGAAATATTTCAACCTAAATCAATTACTATAATTATTACATTAATAATGTGGGTATTTATCATATCAATATTAATTATTCTAGATATATCTATATTTATAGACTTTTTCAAAAACACCGAAACTATAAATATTGATAATTCAATCAATTATCAAGAAATAACAATATCTTTAGAAAAATTATATAATAGACCAACATTCATTATTACAATAATAATAATAATTTATTTATTTTTAGCACTACTAGCAGTTGTTAAAATCACAAATATTAATCAGGGACCTATTCGTAAAATAAGATAA
Fieberiella septentrionalis	ND6	5	0	ATTAAATTTTTAATCTTAAAAATAATAATAACTATATCCACAATAATTATTAAAATTGTTAACCCTATAACAATAGGAGTAATATTACTTATTTATACCATATTATCAACAATCTTGTTATCAAAAATTATATTAACATCTTGAATAGCAATAATTATATTCCTGATTATAATTGGAGGATTATTAATTATCTTTATATACATAAGAAGAATTGCCGCAAACCAAAAATTCAATTATCAAGTAACTATAACCATCTTATGTTTAATAATGATTATACCAATAGAAGAAATAATTAATGAAATTCAAATTAATGAAGAGCAAAAAACTAATTTAATAGTAGAAAGATATATTACCTTAAAACTATATAATAAAAAAACATGAATATTATCAACCTTATTATTTATTTACATATTAATCTGTATAATTTCAATTACTAAAATTGTAAAAATTCATATAGGCCCCTTACGATCAAGAAAAACATATGAATAA
