Species	Gene	Code	CDS	Sequence
Amphilophus citrinellus	YP_009020651.1	2	1	MAHQAHAYHMVDPSPWPLTGAAAALLMTSGLAIWMHFHNTTLMLLGLILLLLTMNQWWRDIVREGTFQGHHTPPVQKGLRYGMILFITSEVFFFLGFFWAFYHSSLAPTPELGGCWPPTGITTLDPFEVPLLNTAVLLASGVTVTWAHHSIMEGNRKEAIQALTLTILLGFYFTLLQAMEYYEAPFTIADGVYGSTFFVATGFHGLHVIIGSTFLAICLMRQVQYHFTSEHHFGFEAAAWYWHFVDVVWLFLYISIYWWGS
Amphilophus citrinellus	YP_009020652.1	2	1	MNLITMTIIISSILSTILATISFWLPQMTPDHEKLSPYECGFDPLGSARLPFSLRFFLIAILFLLFDLEIALLLPLPWGDQLSTPLMTFIWAFIILALLTLGLIYEWMQGGLEWAE
Amphilophus citrinellus	YP_009020653.1	2	1	MTPAHFTFSSMFMLGLAGLAFHRTHLLSALLCLEGMMLSLFIALSLWTLQLNSTSFSAAPVLLLAFSACEASAGLALLVASARTHGTDRLQSLNLLQC
Amphilophus citrinellus	YP_009020654.1	2	1	MLKILIPTMMLIPTIWAIPAKQLWSSSLAYSLIISLISLSWLKSTADTGWSFLNPYMATDPLSTPLLALTCWLLPLMILASQHHTSLEPINRQRMYITLLTSLQIFLILAFSATEVIMFYIMFEATLIPTLVIITRWGNQTERLNAGTYFLFYTLAGSLPLLIALLLLQNNSGTLSLLTLQFSPFTQLSSFADKLWWAGCLLAFLVKMPLYGAHLWLPKAHVEAPIAGSMVLAAVLLKLGGYGMMRMMTMLEPLTKELSYPFIILALWGVIMTGSICLRQTDLKSLIAYSSVSHMGLVAAGILIQTPWGFSGALILMIAHGLTSSALFCLANTNYERTHSRTLLLARGLQMLLPLMTAWWFIASLANLALPPLPNLMGELMIITSLFNWSWWTIALTGAGTLITAGYSLYMFLMTQRGPLPSHIMALEPTHSREHLLLALHLLPLLLLIFKPELIWGWTF
Amphilophus citrinellus	YP_009020655.1	2	1	MHHTSIIMASSLITIFFLLAYPVFTTLTPKLHPQHWALDKVKTAVKMAFFVSLLPLFLFLHEGAEAIITSWSWMNTLTFDINISLKFDIYSIIFTPIALYVTWSILEFASWYMHSDPYMNRFFKYLLIFLIAMIILVTANNMFQLFIGWEGVGIMSFLLIGWWYGRTDANTAALQAVVYNRIGDIGLIFSMAWIATNLNSWELQQIFSTTTTVDLTLPLLGLILAATGKSAQFGLHPWLPSAMEGPTPVSALLHSSTMVVAGIFLLIRMSPLLENNPTALTTCLCLGALTTLFTATCALTQNDIKKIIAFSTSSQLGLMMVTIGLNQPQLAFLHICTHAFFKAMLFLCSGSIIHSLNDEQDIRKMGGMHHLTPFTSSCLTIGSLALTGTPFLAGFFSKDAIIEALNTSYLNAWALALTLLATSFTAIYSLRVIFFVSMGYPRFNPLSPINENNPAVINPIKRLAWGSIIAGLLITLNITPLKTPIMSMPFSLKTAALTVTIIGLLLALELASLTTKQIKTLPNLQLHHFSNMLGFFPTVMHRLTPKFNLLLGQTIATQMIDQTWLEKVGPKAIYPLNSPLISMTSNIQQGMIKTYLSLFFFTFALALLILLY
Amphilophus citrinellus	YP_009020657.1	2	1	MASLRKTHPLLKIANDALVDLPAPSNISVWWNFGSLLGLCLAAQILTGLFLAMHYTSDIATAFSSVAHICRDVNYGWLIRNMHANGASFFFICIYLHIGRGLYYGSYLYKETWNVGVVLLLLTMMTAFVGYVLPWGQMSFWGATVITNLLSAIPYIGNSLVQWLWGGFSVDNATLTRFFAFHFLLPFIIAAMTMIHLIFLHETGSTNPAGLNSDTDKISFHPYFSYKDLLGFAILLISLIALALFSPNLLGDPDNFTPANPLVTPPHIKPEWYFLFAYAILRSIPNKLGGVLALLFSILILMLVPILHTSKLRALTFRPLTQFLFWLLVADVIILTWIGGMPVEHPFIIIGQIASFLYFFLFLILLPVAGLAENKMFA
Lophius litulon	YP_009020658.1	2	1	MISTTMIYIINPLTFIVPVLLAVAFLTLLERKVLGYMQLRKGPNIVGPYGLLQPIADGVKLFIKEPIRPSTSSPILFLTTPILALTLALALWAPMPLPYPVLDLNLGILFILALSSLAVYSILGSGWASNSKYALIGALRAVAQTISYEVSLGLILLSTIIFTGGFTLQTFNTAQEAIWLILPAWPLAAMWYISTLAETNRAPFDLTEGESELVSGFNVEYAGGPFALFFLAEYANILLMNTLSATLFLGAAHIPSFPEMTAANLMTKAALLSMVFLWVRASYPRFRYDQLMHLIWKNFLPLTLALVIWHLSLPIALAGLPPQM
Lophius litulon	YP_009020659.1	2	1	MNPFILFVLLSGLGLGTTITFASSHWLAAWMGLEISTLAILPLMAQHHHPRAVEATTKYFIAQATAAAVLLFASTTNAWLTGQWDIQQNLHPLPCMMIMIALALKVGLAPLHTWLPEVLQGLDLTTGVILSTWQKLAPFALLLQLQQTNPHLLMAMGLVSTLVGGWGGLNQTQLRKIMAYSSIAHLGWMILIMQFSPSLTLLALALYFIMTFSTFTLFKLQNSTNINSLATSWTKAPTLTALAPLLMLSLGGLPPLSGFMPKWLILLELTKQDLVPAATFAALSALLSLYFYLRLSYAMTLTLSPSNLTASTPWRLFNTQLTLPLAISTMLTLLLLPLTPGTTALMAL
Lophius litulon	YP_009020660.1	2	1	MAITRWFFSTNHKDIGTLYLIFGAWAGMVGTALSLLIRAELSQPGALLGDDQIYNVIVTAHAFVMIFFMVMPIMIGGFGNWLIPLMIGAPDMAFPRMNNMSFWLLPPSFLLLLASSGVEAGAGTGWTVYPPLAGNLAHAGASVDLTIFSLHLAGISSILGAINFITTIINMKPPTISQYQTPLFVWAVLITAVLLLLSLPVLAAGITMLLTDRNLNTTFFDPTGGGDPILYQHLFWFFGHPEVYILILPGFGMVSHIVAYYAGKKEPFGYLGMVWAMMAIGLLGFIVWAHHMFTVGMDVDTRAYFTSATMIIAIPTGVKVFSWLATLHGGAIKWETPLLWALGFIFLFTVGGLTGIVLANSSLDIILHDTYYVVAHFHYVLSMGAVFAIMGGFVHWFPLFSGYTLHNTWTKIHFGIMFAGVNLTFFPQHFLGLAGMPRRYSDYPDAYTLWNTVSSIGSLISLIAVIMFLFILWEAFTAKREVLSVELAATNVEWLHGCPPPYHTFEEPAFVQIQTN
Lophius litulon	YP_009020661.1	2	1	MAHPSQLGFQDAASPVMEELLHFHDHVLMIVFLISTLVLYIIVAMVSTKLTSKYLLDSQEVEIIWTILPAIILILIALPSLRILYLMDEVDDPHLTIKAMGHQWYWSYEYADYVDLEFDSYMMPTQDLSPGQFRLLEADHRMVIPVASPIRVLVSAEDVLHSWAVPALGVKMDAVPGRLNQTAFITLRPGVYYGQCSEICGANHSFMPIVVEAVPLKHFENWSALMVEDA
