Species	Gene	Code	CDS	Sequence
Sclerotinia borealis	YP_009072331.1	4	1	MLNVINLINGKLRTEHRFNQVVNNVLSHNKYADQNIDFTVDSSKIWDNHWLAGFSDADASFQIKIIKRITRNRPEIRLNFQIDQKSDLLLNMIKEYLGGNIGYRKSQDTYYYGSTHFGSAKRVIEYFDTYHLQSRKHISYLRWRKVYRLIQDKEHLTDKGLSKILTIKSLINRQEENITIQDKVLTKI
Sclerotinia borealis	YP_009072332.1	4	1	MSLINPFIYTIFSIFTSIRKLSTSNLNTKLFFSVSHDNNNDDILHPYYITGFSDGEGCFFINVRPRPNRNRGYAVELLFKITLSSKDKLLLEKIKDFFGVGRLLSQGSSVTYNVRSLDDLQVVVNHFDLYPLISNKYSDYILFRQVFELMKQGQHLNAEGLNKIVSIKAVSNRGLSSNLNLLFPKVIPAIRPSVKNQDIPSPHWVAGFVLFFPLFFNYKFIIYIVIKLFIKKREKN
Sclerotinia borealis	YP_009072333.1	4	1	MNKSRTLDDQGLEETLLYSNPSSITKPNLSYDVGAEPKGSKTPGFINKRHYSSCAIISGPGVDGRPSDVSLVQPTKEGALFDKQDKFSEWLAGVIDGDGQFKTTKKGISSLQIVMDINDRYALYEIKHKFGGSIKRISGSNALKYKLLNLKGLRALVQDVNGLIRNPVRLLQLYRVCENYNIKLLEPKPLTYYNGWFSGFVDSDGSVHIDEKLGQIIICVTQKNKLLLEPLQVLFGGRIEILKSKEAFQYSVYRKTEVLKLIDSYFQIYPLKTHKAATKLNLIKEFYLLKDYRDLCIKGIEKYNKWVWFKDKWDKI
Sclerotinia borealis	YP_009072334.1	4	1	MKNPNLFVRSSQFGLLSKQVIRNFSTNYENSSTYIKPEIIYENADTQKSLVFKDNKGKSGIYRWTNNLNGDSYIGSGVDLNKRLYHYYSLKLMQLYVEKRKSYIYSALIKHGYSNFTLEIMEYCDKDKVIEREQYYLNILKPKYNLLKTAGSRYGFEHSEFTREKMSLSQKGHKGSFNQPNAKILMVTDLETNSSTYYDSINLAAKALNCGDSSILKNLKSKTGKAYKGRCVFKLL
Sclerotinia borealis	YP_009072335.1	4	1	MLECTEVCMCFFVPINMYSNTDTEKLNIIKDNKNKCGVYRWINLETNKSYVGSSVNLGRRFSTYYSYEYLTKNSYTISRALLKYGYSSFRLDILEYCDKSDVFAREQHYLDLFQPEYNILKSAGSLLGFKHSVSTRERLSNFYTGRSISEQVKAKMSESQRGRTHSAEALANMSLAKLGRILTEEHKNNISVAAIGKTHSEESKFKISKTKGTAVVVHDTETGKTTDYFSVREVSRQFSVSNNTIARYIKSGLLFKDKYKISKQLV
Sclerotinia borealis	YP_009072336.1	4	1	MRDKLREMFSKIKTKFGSSSNSSNPTDAGQAGDTAGGTSYPERPSDIQRPTELPTTKSPTELPTTKSPTGLPESSVGDSNPLPRDTSGGTLSTDSSGGVKLPRDTTNSTLGSDSSEGGVRVDRDSGQSFSGKVLDTILDSIDSGDNE
Sclerotinia borealis	YP_009072337.1	4	1	MNNHLALPLLLETTTICWEFLTIRILGFYLISVKKPNFEWSAGNPLRGSSETKRSPRSSLREDIVQLRKNPLIFNSWRSLSLRLPDPYPKGVGAIITRSYSNSSNKEPYSVSNEYLKAVKVYDNFKEYRVNILKEQRDKSGVYCLINKVNGHAYVGSSMNLASRMRNYLNKAFLKSKQNANMPITKALLKYDHSNFSLLILEYVELVNLTARESA
Sclerotinia borealis	YP_009072338.1	4	1	MSGSFSYLYGSNFYNINLLAVSPVLTYLNADTDKLSILRDNRGKPGVYRWTNLTNGKSYVGSSVSLSRRLALYYNLNILTKYRQNSIIHKAILKNGYSRFKLDILEYCDREDVIKREQHYMDTFKPEYNVLKFAGSAIGFVHSPEAIEKIRLKSIGRKHTVETLAKMMGRTHSEATKNRINNVLATEEVRGKMVNAFLKRKGVKVSEETLAKMKSAQVNRDWVPVAGFKVQVTGLTCNLVTEYDSISKAALVLGIAKSTIARRIKLNTEKPYKNKYVFKALPCK
Sclerotinia borealis	YP_009072339.1	4	1	MIEANSAYSVYVYNSFKELLVLFPSVLTLAKLIKSNHPTLVDIIKEQTILRGEWYLTNIPYNIRDTPIIADWSSKECEQLVLNMNNNSHIRKAVFVYDINRNFLAKYDGVMEAQRAWNISHSTVKNYAKIGGVYKGYIFSYERLVTSQEG
Sclerotinia borealis	YP_009072340.1	4	1	MVVLISMKNILSTRENKGLSFNSVLQARSYSHARNSNSAGLDPNWVTGLVDAEGSFMVFFKLNSKDSKNLIRQVQLSFEISVHIKDIDLLYKLKSFFGDVGSISIPSTRRDARLKITRLNDIFNFIIPHFKQYPLQGMKKIDLDLWAECVELLLSKKHLQEEGLNKILSIKSVLNKGLPDKLKAAFPSVNLIDRPVLEVVNIPLNPNYVSGFTEGDGCFTVNISSTTNQVNAIYIIELHKREVPLLSSIQKFFSGAGSINTVLSRDSARFAISRKSDLVNKVLPHFDTYKLQGNKLKNYLIFKEIVLLINSKVHLTSEGFNKIKLLKEGLNK
