Species	Gene	Code	CDS	Sequence
Hemitriakis japanica	YP_009129499.1	2	1	MAINRWLFSTNHKDIGTLYLIFGAWAGMVGTALSLLIRAELGQPGSLLGDDQIYNVIVTAHAFVMIFFMVMPIMIGGFGNWLVPLMIGAPDMAFPRMNNMSFWLLPPSFLLLLASAGVEAGAGTGWTVYPPLASNLAHAGPSVDLAIFSLHLAGISSILASINFITTIINMKPPAISQYQTPLFVWSILVTTILLLLALPVLAAGITMLLTDRNLNTTFFDPAGGGDPILYQHLFWFFGHPEVYILILPGFGMISHVVAYYSGKKEPFGYMGMVWAMMAIGLLGFIVWAHHMFTVGMDVDTRAYFTSATMIIAIPTGVKVFSWLATLHGGSIKWDTPLLWALGFIFLFTVGGLTGIVLANSSLDIVLHDTYYVVAHFHYVLSMGAVFAIMAGFIHWFPLMSGYTLHQTWTKIQFAVMFIGVNLTFFPQHFLGLAGMPRRYSDYPDAYTLWNTISSIGSLISLVAVIMLLFIIWEAFASKREVLSVELPHTNVEWLHGCPPPHHTYEEPAFVQVQRPSF
Hemitriakis japanica	YP_009129500.1	2	1	MAHPSQLGFQDAASPVMEELIHFHDHTLMIVFLISTLVLYVITAMVTTKLTNKYILDSQEIEIVWTILPAIILIMIALPSLRILYLMDEINDPHLTIKAMGHQWYWSYEYTDYEDLGFDSYMIQTQDLTPGQFRLLETDHRMVVPMESPIRVLVSAEDVLHSWAVPALGVKMDAVPGRLNQTAFIISRPGVYYGQCSEICGANHSFMPIVVEAIPLEHFETWSSSMLEEA
Hemitriakis japanica	YP_009129501.1	2	1	MPQLNPNPWFLILLFSWIVFLTILPNKIMGHLFNNNPTTKSTEKPKPNPWNWPWL
Hemitriakis japanica	YP_009129502.1	2	1	MIMSFFDQFLSPSLIGIPLIALAISIPWLTFPTPTSRWLNNRLITLQAWFINRFIYQLMQPMNLGGHKWAVLLTALMLFLITINLLGLLPYTFTPTTQLSLNMAFALPLWLTTVLIGMLNQPTIALGHLLPEGTPTPLVPILIVIETISLFIRPLALGVRLTANLTAGHLLMQLIATAAFVLLTIMPTVAMLTSLVLFLLTILEVAVAMIQAYVFVLLLSLYLQENV
Hemitriakis japanica	YP_009129503.1	2	1	MAHQAHAYHMVDPSPWPLTGATAALLMTSGLAIWFHFHSLLLLYLGLTLLLLTMIQWWRDIIREGTFQGHHTPPVQKGLRYGMILFITSEVFFFLGFFWAFYHSSLAPTPELGGCWPPTGISPLDPFEVPLLNTAVLLASGVTVTWAHHSLMEGNRKEAIQALTLTIILGIYFTSLQAMEYYEAPFTIADGVYGTTFYVATGFHGLHVIIGSTFLAVCLLRQVQYHFTSEHHFGFEAAAWYWHFVDVVWLFLYVSIYWWGS
Hemitriakis japanica	YP_009129504.1	2	1	MNLIMSSVATTALVSLILALIAFWLPSLNPDNEKLSPYECGFDPLGSARLPFSLRFFLVAILFLLFDLEIALLLPLPWGNQLLTPLHTLFWATAILILLTLGLIYEWLQGGLEWAE
Hemitriakis japanica	YP_009129505.1	2	1	MSPMYFSFTSAFILGLMGLAFNRSHLLSALLCLEGMMLTLFIATAVWSMMLNSTSSSIIPMILLTFSACEASAGLAILVATSRSHGSDNLQNLNLLQC
Hemitriakis japanica	YP_009129506.1	2	1	MLKILIPTIMLFPTAWFSHKKWLWSTTSTHSLLIATMSLLWFKWNTDIGWDFSNQYLAIDPLSTPLLILTCWLLPLMIMASQNHISPEPLIRQRTYISLLISLQFFLIMAFSATEMILFYIMFEATLIPTLIIITRWGNQTERLNAGTYFLFYTLIGSLPLLIALLFMQNNLGTISMFIIQHSQYTNLHPWADKFWWAACVIAFLIKMPLYGVHLWLPKAHVEAPIAGSMILAAVLLKLGGYGMMRIIITLNPLTKETAYPFLILAIWGVVMTSSICLRQTDLKSLIAYSSVSHMGLVAAAILIQTPWSFAGATTLMIAHGLISSALFCLANTNYERIHSRTLLLARGIQIVLPLMATWWLLANLANLALPPSPNLMGELFIITSLFNWSNWTLLLTGTGVLITASYSLYMFLMTQRGSTSNHLLSLNPSHTREHLLLSLHILPVSLLILKPELIWGWTF
Hemitriakis japanica	YP_009129507.1	2	1	MNIIFNSSFLLIFIILILPLISSLSPKELKPNWSSLYVKTTVKISFFISLIPLFIFLDQGSESIITNWNWMNMGPFDINMSFKFDIYSIIFTPVALYVTWSILEFALWYMHSDPNMNRFFKYLLLFLISMIILVTANNMFQLFIGWEGVGIMSFLLIGWWYSRTDANTAALQAVIYNRIGDIGLILSMAWLATNLNSWEIHQLFILSKNKDLTLPLLGLVLAAAGKSAQFGLHPWLPSAMEGPTPVSALLHSSTMVVAGIFLLIRLHPLIQDNKLILTICLCLGALTTLFTATCALTQNDIKKIIAFSTSSQLGLMMVTIGLNQPQLAFLHICTHAFFKAMLFLCSGSIIHSLNDEQDIRKMGGLHKLLPFTSTSLTIGSLALTGMPFLSGFFSKDAIIESMNTSHLNAWALILTLVATSFTAIYSLRLIFFALMNYPRFNTLSPINENNPLVINPVKRLAYGSIIAGLIITLNLSPTKTQIMTMSPLLKLSALLVTITGLLLALELTNLTNSHFKINPTLYPHHFSNLLGYFPTIIHRLLPKTSLNWAQHISTHLIDQTWSEKIGPKSNLIQQTPLIKLSTKPQQGLIKTYLTLLFLTLTLVTLIISI
Hemitriakis japanica	YP_009129509.1	2	1	MATNIRKTHPLLKIMNHALVDLPAPSNISLWWNFGSLLGLCLIIQILTGLFLAMHYTADISMAFSSVIHICRDVNYGWLIRNIHANGASLFFICVYLHIARGLYYGSYLYKETWNIGVVLLFLLMATAFVGYVLPWGQMSFWGATVITNLLSAFPYIGNMLVQWIWGGFSVDNATLTRFFAFHFLLPFLILALTFIHLLFLHETGSNNPLGINSDADKISFHPYFSYKDLLGFFVMIFSLAMLALFLPYLLGDAENFIPANPLVTPPHIKPEWYFLFAYAILRSIPNKLGGVLALLFSIFILMLIPLLHTSKQRSNIFRPLTQILFWSLVANSIILTWIGGQPVEQPFIMVGQIASISYFSLFLIVMPFTSWWENKILSLN
