Species	Gene	Code	CDS	Sequence
Parazacco spilurus	ATP8	2	0	ATGCCCCAATTAAATCCCACCCCCTGATTTGCAATCCTAGTATTTTCATGAATTATCTTCCTCACCATTATTCCAACTAAAATCTTAAATCACACCTCACCAAATGAACCAACCCCAATAAGTGAAGAAAAACACAAAACTGGGTCCTGAGACTGACCATGATAG
Araneus angulatus	ATP8	5	0	ATTCCTCAACTTATACCTTTAAAGTGGATTTTTTCCATATTTATAATTGTTATTATATTAATTAGAATATGCATAATATATAGAGAGTATATAAAAATTTCTTTTTTTAAAAAAAGAAATTTTAACAAAAGTCATTTAAATATTTGATGTTGATAA
Isurus oxyrinchus	ATP8	2	0	ATGCCTCAATTAAACCCTCACCCTTGACTAATTATTCTCCTGTTTTCATGAATAATTTTCCTCATTGTCTTACCAAAGAAAGTGATAAATCACCTATTCACCAACCACCCAACATTAAAAAGTGCAGAAAAATCTAAACCAGCACCCTGAAACTGACCATGGTCCTAA
Lanius cristatus	ATP8	2	0	ATGCCCCAGTTAAATCCAAACCCATGATTCTTTATCATGCTAATTTCATGAATAACTTACTCCATGATCATCCAACCCAAAATCCTATCCTTCCTATCCACAAACCAAGTATCTAGCAAAGCCCCAACAATCCCAGATACCAAACCGTGAACCTGACCATGAACCTAA
Sepia aculeata	ATP8	5	0	ATGCCTCAATTATCTCCAATTAACTGATTATTCCTATTTATTATATTCTGACTTATTTTAATAATTAATTCATCCATCATATGATGAAATACTATAAATAATTATAAGTTCAACAAAACTACTAAAAAACTAACTAATATTAATTATAAATGATTTTATGCTAGTAGATATTTTTTCTTCTTTTGATGACCATAA
Natator depressus	ATP8	2	0	ATGCCCCAACTAAACCCAGATCCATGACTCATAATCCTATCCTCCACATGACTAATCTACACTATCATCCTACAACCTAAAATTCTATCTCACCTACCAACAAACAACCCAACCAACAAAAATAACAAAATTAACACAAACCCCTGAATCTGACCATGAACCTAA
Cryptopsaras couesii	ATP8	2	0	ATGCCTCAGCTATCCCCCGCCCCTTGACTAGGTATCTTCATATTCTCCTGATTCTGCCTATTGCTTGGCAAAATCCCGACAATCATAGGACATACCTACCCTAACGGAGTAGACCCAGAACTCAAATCAACACCCTCTGAATCAAAGTGAACTTGACCATGACGCCGAACTACTTCGACCAATTCATAA
Adhemarius dentoni	ATP8	5	0	ATTCCTCAAATAATACCAATTAATTGAATAACTTCCTTATTTTTTTTTATTTGTATTTATATTTTATTTAATATTATAAACTATTATATTTATTTAAACTCAAATAATAAAAAAAAAATTCTTAATACAATAAATAATAAGAATAAATTAATTTGAAAATGATAA
Catostomus catostomus	ATP8	2	0	ATGCCACAATTAAACCCCGCCCCCTGATTTGCAATCTTAGTATTTTCATGAGTAGTTTTCCTCACAATTATTCCCACTAAAGTACTGAACCATATTACCCCAAATGAACCAACCCCAGTAAGCGCCGAAAAGCACAAAACTGAATCCTGAGACTGACCATGGCAATAA
Amynthas triastriatus	ATP8	5	0	ATGCCACATCTATCCCCCATAAGGTGAACTACAGTAATCGTTTCTTTTTGAGCTATTTTAATATTATTTACTTCTAATATTTGATGAACTAACCTACATACATTTGAGACAGATTCCTCTAGAAAGATAGAATTCAGTCAGCTACCATGATGCTGAACTT
