Species	Gene	Code	CDS	Sequence
Orbilia oligospora	YP_009568388.1	4	1	MFIKCFKDLIKINPGVVYVHNLSKFDSFFINKILFENFNVNAKYKGRLILSLNVKYNEDGKTYKMIFKDSLLLLQGSLKYLGKTYNVETKKSLFPYSFPNEDNLNYIGDKPDFKFYSNDDNNVSIDDYNSIPKDNWNLKDETFKYLINDLHCTYQILEKFTNIIYNGERIDVTKVSTISSLSFKIIKANYLPLNKLYQINGQSHKDIRNAYIGGRVDSFTPFGENIKCYDVNSLYPFAMLNPLPGGQAKMSNDTNLENYFGVVYAKISTPTNSNGDYINLKYPPLPFKCDNGSLINPIGCWEGWYFSEELKYVRDNHAYKIDVKHGYKFTKEEGLFNDLFINIMI
Orbilia oligospora	YP_009568389.1	4	1	MKIDGTITQAIKKEDYNDLALNYEIINDTFITDNIMFVEFKRKLKDDNFDVIDDLTQIINKDKFYRGDIEQSLPVAVAITAYSRIYINIIISFLEPPLIVRPELFLILVEISFQPLEPEELKINKVLRKFFKKNKVLGSFKVNKLSIW
Orbilia oligospora	YP_009568391.1	4	1	MNCHNNWSHLVKTLALSQLHKDLIIGCGLGDATFNMNPNGNASIGFDQGLPNKEYLLYLFNIMKEYATQPQIGERISFDKRYDKKNFSYNFRTKASTTFFPFANLFLKKQKDSTKYVKIVPPCIEELLTPGALAFWLQDDGQHVKNGGVTLCTDNYTYDDVQLLKSVLENKYKFKCTIHNKNPNKGYFRIYISGKSLHILQPLVVDYFHQSMLYKIHL
Orbilia oligospora	YP_009568392.1	4	1	MDILIEYLNKIINEIYLTIYSIYDLINISPTIFSIIYDLFMILPVLIAVAFITVAERKAMGSMQRRLGPNITGVWGTLQAFADALKLILKENVSPTQANLIFFWFGPVITLVFSLLGFAVIPFGPGLAVLDFSLGILYLLAVSSVATYGILMAGWSANSKYAFLGALRSTAQLISYELILSSAILLVILFSGSLNLTEIIEDQIHTWYVMPMIPIFIIFLIGALAETNRSPMDLAEAESELVSGFFTEHSSVPFVSFFLAEYGSILLMSIITTVLFLGGYNLPFFLSFKFINDLIWILFNEINSMRVVQEQFSYFIEYNPVVSGMLNGFVLGTKTCFIVFCFIWVRASMPRIRYDQLMQFCWTVLLPILFAFIFLFPCILYSFDSLAVSF
Orbilia oligospora	YP_009568393.1	4	1	MDASLSTERWSWSSNAKDIGTLYLIFALFSGLVGTGMSVLIRLELSGPGVQYMADNQLYNSIVTAHAILMIFFMVMPALIGGFGNFLLPIIGGGPDIAFPRLNNISFWLLIPSLALFVFSSCIEDGAGTYPPLAGIQSHSGASVDLAIFGLHLAGISSLLGSMNFITTVLNMRSPGTRLHKLALFGWAVVVTAVLLLLSLPVLAGGITMVLTDRNFNTSFFETAGGGDPILYQHLFWFFGHPEVYILIIPGFGIISTVVSSTSSKHVFGQDGPYAMMSIGVLGFVVWSQNMYSVGLDVDTRAYFTAATLIIAVPTGIKIFSWLATCYGGSLHFHTPLLFALGFIFMFTIGGTYYVVVHFHYVLSMGAVFALFAAWYFWMPKIIGLVYDFKLAKMHFWVLFIGVNVTFFPQHFLGLQGMPRRISDYADAYAGWNYVSSYGSIISVGATVIFLYALYIQLVYGESANRNIWYYPEFNTDYLRALLSRAQISIEWNLHSPPIPHSYTSLPQQSSF
Orbilia oligospora	YP_009568394.1	4	1	MRRRSHRSSLKPEKVKPGKAKDDSRVTIAKTQRTRKTVSITNENLRSFVQSKLDQYKDVDDRFNGIIKILADPGYLQFCYMLIKGKPGNMSKGITNETLDGIKYEWFLEISEEIKTGKIKFKPARRVLIPKPGKIEKRPLWVGAPREKIIQKGLQIILETIYEPKFLDCSYGFRPKRSTHGALKKLHLQAHQFTWVIQGDISKCFDKIPHNIIIKLIQKEIKCDKFLTIIHKTLSAGYIDPITNQPNSPNIGTPQGSVLSPLLANIVLHEMDKYITENIAPKFHLGTRRRGNPEYKKIIYARDPKNPNRTDEGAKIALKLVRKMNRQDPLDPNFRRNMYIRYADDFIFLLEGPLTEAQWIKTEIKEFLYQHTGLELNTEKTIITHLQDGFEFLGAHIKTLKKQDFRMKTKTRTGKIISMRASVRARVDMPTEKIIKKLLELGFLKRNHLNKLLAKPYMKLVNLDHTTILQFFNSKIQGLLNYYTFAGNRVKLFNIIWLLKQSAAKTLARKFKLKSMRHIFTKFGPDLTDPKTDYMLRTPDSLKTIHQYNCETPQYPALQTLEQDWHGRLTTTNIFKICMLCHSPTSIEMHHVRTVKDVRAKMASRTALFAQWIGAVKRKQVPLCQYHYTLYHQGKLLNYELNQISNYTENIKVDI
Orbilia oligospora	YP_009568395.1	4	1	MPSILKTKERRVLRYLNKYGFTNIRLTIYIMENSASLEQVVELEQHFIDSLKPNLNVDLVASSSGYHEPMSQEMRELLRKQRGMPIFVYDANDFTLLYIFASKTFMYNTINIHHKTLDDCLDFGKLYLDTFFFSLDRIEESNNTNLLTLEEIKTLVSRKREIYEVKHPASKAILAEFKDDSRLNREFSSLSSLAKELKGDRAVIREYLKGTKSGYYRGKWKFTYLKTKTE
Orbilia oligospora	YP_009568396.1	4	1	MDEGPEHGDEAVNSDSWNHEEVLLDNTSMVQNLSSSGAELNPFSPNAEANDKELESTDQSDPKTISEKELPQVDRTEPKESENVEESNAGSPKSSNRQGDGGTVQGNERMQLITKGFQQISTNSYQAETQDIKVQVGRILELALGNIRLEPKIRDIYKLMMSRDLYILAYRNIKSKPGNMTPGSDQITLDGISLKIIDRIILTMKNQSFQFKPVRREYIPKANGKMRPLGIPSPMDKLVQEAMRIILEAIYEPKFLDTSHGFRPGRSCHTALKEISKWNGTTWAIEGDIKGYFDNVDHYVLEGLLKKYIDDVRFMNLYWKLVKAGYVENHNYHASNLGVPQGGILSPLLSNIYLHELDLYMKSLIEELTDKEISKVNPKMSWYSTLIKRKEKEYKDNPDKRILKEIAQLREKRNIQPSRLKTGNSIRYCRYADDWIVGIIGNKEFAKDMKERISKFLKETLKLELSEEKTVITNLHDERAMFLGTEISTPKPAQSKMVSKKDRSGKKIKSKVNHVRVFFHAPIKRIIDKLHKEGFVQDSHGTPTALKKWIFYDHRTIIMNYNSVVKGYLNYYSFVDNYYSVVNSIVKHILLHSCALTLTRKFNLHSRATVFGKFGTNLAPKDDLSTLKTKNKVEFFLPPNGNKTGEFKINTKFWDPLNVVRWNIETQKAMFNSCLICGETGDIHMHHVKHIIKQGENLSGFTKIM
Orbilia oligospora	YP_009568397.1	4	1	MRETLIVLKTYTISYSLFLLVVIILIVFLCFFFKSKKCVELRQCAWGHNKLMLSTRNSHPLLGRQSGFVFKKIRTTKRFYTTKTILNPEFVSGLIDAEGCFYLNVYKNKDYVTGWALKPSFKLTLHKKDLALLEKILNFFEAGKIYKQRKESFEYRAQNLKDLNIIIAHLDKFPLFSRKKADYELFKQAISLMLVKEHLNQDGLRKIVSIKAAMNWGLLSDDLKLAFPDITSTERPLITDNSVVSPNWLAGFTTGEGCFFCNLSEGNNKVIIQLIFQITQHAKDEQFLRNLIQVLGCGYLKKKTNQEVWDFVVTKFSDINEKIIPFFLNYPIQGEKSNDFQDFCRIADLMKNKAHLTKKGLDEIRLIKSGMNKGRFSIEALSLNNLTGDVFRIGYTDKHTLQNAVSTFPNQKRYFSFTHFHCSHQRLNVEHPSIIEIYDHSRSINKSKYYENKDNFHQWLVGFTDGDGSFSIIRVAEGKWTLFFKLTQSTYNLRILYFIKKQLGVGSVYIDANCNKGDFRIRDRKNIGSIILPIFDKYPLLTSKYFSYQKFKKAYDILENPNLSTKEKDNLLLKLQSEQMPTDYISPAWKSVNYEVNNTNDAKSVMSKYWLIGFTEAEGSFYLVSKDSTRIVHAFEITQKLDPIVLKSIAYILGISISKKKTHYTVVTTNSRAIFNIIDYYNNTMKGMKTVEFRIWARSYVKDKGNYEKLRKLRDNIRVLRKIRLNKNFVLVDTTQDKNNKD
Orbilia oligospora	YP_009568398.1	4	1	MKNKAHLTKKGLDEIRLIKSGMNKGRFSIEALSLNNLTGDVFRIGYTDKHTLQNAVSTFPNQKRYFSFTHFHCSHQRLNVEHPSIIEIYDHSRSINKSKYYENKDNFHQWLVGFTDGDGSFSIIRVAEGKWTLFFKLTQSTYNLRILYFIKKQLGVGSVYIDANCNKGDFRIRDRKNIGSIILPIFDKYPLLTSKYFSYQKFKKAYDILENPNLSTKEKDNLLLKLQSEQMPTDYISPAWKSVNYEVNNTNDAKSVMSKYWLIGFTEAEGSFYLVSKDSTRIVHAFEITQKLDPIVLKSIAYILGISISKKKTHYTVVTTNSRAIFNIIDYYNNTMKGMKTVEFRIWARSYVKDKGNYEKLRKLRDNIRVLRKIRLNKNFVLVDTTQDKNNKD
