Species	Gene	Code	CDS	Sequence
Gloiopeltis furcata	YP_009684860.1	4	1	MQFNFTQWVSRWVFSTNHKDIGTLYLIFGAFSGVLGGCMSMLIRMELAQPGNHLLLGNNQIYNVLITAHAFLMIFFMVMPVMIGGFGNWLVPIMIGSPDMAFPRLNNISFWLLPPSLCLLLASAIVEVGAGTGWTVYPPLSSIQSHSGGAVDLAIFSLHLSGASSILGAVNFISTILNMRNPGQSMYRIPLFVWSIFVTAFLLLLAVPVLAGAITMLLTDRNFNTSFFDPAGGGDPVLYQHLFWFFGHPEVYILILPGFGMVSHIVSTFSRKPVFGYIGMVYAMVSIGVLGFIVWAHHMYTVGLDVDTRAYFTAATMIIAVPTGIKIFSWIATMWEGSIYLKTPMLFAIGFIFLFTIGGLTGIVLANSGLDISLHDTYYVVAHFHYVLSMGAVFAIFAGFYYWFGKITGLQYSEVLGQIHFWSTFIGVNLTFMPMHFLGLAGMPRRIPDYPDAYAGWNLIASYGSYVALFSTLFFFYTVFVALTSNYRCLNSPWNFEQSKSKGDSTLEWATTSPPAYHTFEEMPLICET
Gloiopeltis furcata	YP_009684861.1	4	1	MKNNIKLIFLFLLFPSIAAADAAENWQLGFQDPATPIMEGIINLHHDLMFFICVISVFVSWMLFRTLWHFGQGQNPTPSTLTHGTLIEIIWTITPAFILLTIAIPSFSLLYAMDEIVSPAITVKTLGHQWYWSYEYSDYSNENGESVVYDSYMVPEEDLEIGQLRLLEVDNRMVIPTNTHVRVIVTAADVLHSWAIPSLGVKCDAIPGRLNQTSLFVKREGLYYGQCSEICGINHGFMPIVIEVVPLADYVSWLYNKLNE
Gloiopeltis furcata	YP_009684862.1	4	1	MVMFAWWRDVVRESTFEGHHTGIVQQGLRFGVILFIVSEILFFFAFFWAFFHSSLSPAVEIGSIWPPKGIIVLNPWEIPFLNTLILLLSGCTVTWCHHAIVSNLRTQAIISLIFTIILAIVFTAFQAYEYNMADFRLSDGIYGSTFYMATGFHGFHVLIGTISLGICLIRLFQYQLTQQHHFGFESAAWYWHFVDVVWLFLFVSVYWWGGS
Gloiopeltis furcata	YP_009684863.1	4	1	MINFGIITLTFLVFVYQNIILINEETLILLCFVAFCWLAFNRLKNAVYSNLTETSKKIETSVIVSMDQLSRLLTYSVESQRILKSVVSDLESLGNHFHVLNSTLLSNLPHRLVKKSSETYPKKLLFVQRLEQRTAKLLPLIVSRKLAKVAFINKFFAHKVKISAFTCKHNISVREYINTI
Gloiopeltis furcata	YP_009684864.1	4	1	MRLVKRPLISTINNHLIDYPTPINIHYAWSFGFLSAMCLIIQIVTGIFLAMHYTPHVDLAFASVEHIMRDVNYGWLLRYIHANGASMFFIVVYLHIFRGLYFGSYTRPRHWVWVIGVLILLLMILTAFIGYVLPWGQMSLWGATVITNLVSAVPLVGNSIVTWLWGGFSVDNATLNRFFSLHYLLPFVIAAASLVHLAVLHQDGSGNPLGIDSNVDKISMFPYFIVKDFLGLVIFILFFSIFVYFAPNVLGHPDNYIEANPMVTPAHIVPEWYFLPFYAILRSIPHKLGGVIAMVAAIAILAFLPWLHSTEIRSSRFRPIYRFLYWTIVGCCLVLGWIGGMPVEEPYVLIGQVASAYYFLFFLIILPALGRLESSLLKFNT
Gloiopeltis furcata	YP_009684878.1	4	1	MSQVYVREMYYRCFYVFVSFSFSACVSFWCMHPFPPLETYPLLKSFSGRFIATQVTELIDTSWVLILTAAFDVTFPMFFYQMIQFSRNGWYNYQFYFAQKLFVLLLLSHWLFFLFCYVYLFPGVLAFFSQWEVSRIGSILNVDVEFKIMSYINWVLVVWSCLSFLLGLFGTFILHILFFFCNEQNIYKTFKLSKKQIFFITPCSIRFFLTSFRFTDFVFYWMLFLFCMNYFSSSPVIDLVICKTI
Gloiopeltis furcata	YP_009684879.1	4	1	MPTVRQLLKNIRKTKNIRKTKNTPLENCPQRKGICAKVYITNPKKPNSAERKVAKITLTNSKSIIGYIPGEGHSLQEHSLVLVRGGRVKDLPGVRYHLIRGPYDLRPVQERRQARSKYGKKKK
Gloiopeltis furcata	YP_009684880.1	4	1	MKNKKTKLVQTYGRKTKKRDFSKRFVTRINSYSHTSYGFYARFTQYQKLQVNRKVLASLLITEKGTSFGLWTWLAFFRQKFA
Gloiopeltis furcata	YP_009684881.1	4	1	MIIEQFNCASVSSLLFLVSVVGMFLNQKNILVMLMSLEMMFLSISFNLIFTSICLDDIVGQIFSLLILTVAAAESSVGLAILVIYYRIRSTITIELMNLMKG
Daphnia similis	YP_009684883.1	5	1	MRRWLFSTNHKDIGTLYFMFGIWSGMVGTALSMLIRAELGQSGSLIGDDQIYNVIVTAHAFVMIFFMVMPIMIGGFGNWLVPLMLGAPDMAFPRLNNLSFWFLPPALTLLLVGGAVESGAGTGWTVYPPLSAGIAHAGASVDLSIFSLHLAGISSILGAVNFITTIINMRSVGMTLDRIPLFVWAVGITALLLLLSLPVLAGAITMLLTDRNLNTSFFDPAGGGDPILYQHLFWFFGHPEVYILILPGFGMISHIISHESGKKEAFGTLGMIYAMLAIGVLGFVVWAHHMFTVGMDVDTRAYFTAATMIIAIPTGIKIFSWLGTLHGTQLVFSPSLLWAAGFVFLFTVGGLTGVVLANSSIDIILHDTYYVVAHFHYVLSMGAVFAIFAGVVHWYPLFTGLILHNAWLKIHFMIMFVGVNLTFFPQHFLGLAGMPRRYSDYPDAYMSWNVVSSVGSMISFVATLGFIFIIWESLVSLRPVLFSTNLSTSIEWQHSFPPAEHSYNELTFISQ
