Species	Gene	Code	CDS	Sequence
Gonocephalum sp. MT-2015-Zz052324	YP_010002929.1	5	1	KATWKLLLLQDSASPLMEQLSFFHDHTLLILVIITILVGQMMAGLFFNKLTHRFLLEGQMIELIWTVLPAITLIFIALPSLRLIYILDETNNPMISIKTIGHQWYWSYEYSDFKNIEFDSYMIPMAEMKDYNFRLLDVDNRMVIPFLSQIRMLISAADVIHSWTIPSLGVKVDATPGRLNQVSFISTRSSLLYGQCSEICGANHSFMPIVAESISPSYFIKWISKMIEI
Gonocephalum sp. MT-2015-Zz052324	YP_010002930.1	5	1	MPQMAPLNWLSLMVIFIMILILFNIINYYSFTSNKTQSTQSQVKTPSINWKW
Gonocephalum sp. MT-2015-Zz052324	YP_010002931.1	5	1	MMANLFSSFDPSTNWSTSLNWLSTLIGILIIPSAFWFIPSRLNILWTKIIITLHKEFKTLIGPKIKGATIMFISLFSVILYNNFLGLFPYIFTSTSHMVMTLTLALPLWLSFMLFGWINNTIHMFAHLVPQGTPPVLMPFMVCIETISNVIRPGTLAIRLSANMIAGHLLMTLLGNTGTMLSIYMVNILLIVQILLLMLESAVAIIQSYVFAVLSTLYSSEVN
Gonocephalum sp. MT-2015-Zz052324	YP_010002932.1	5	1	MSNKNHPFHLVDVSPWPILGSLSALIVMSGIIKWFHFFDSSLLQIGAISMLLIMYQWWRDISREGTFQGHHTYIVTMGLRWGMILFITSEVFFFISFFWGFFHNSLAPTVEIGMIWPPKGIETFNPIQIPLLNTLILLTSGLTVTWAHHSLMENNAKQATQGLLLTVILGFYFSVLQGYEYFESSFSISDSAYGSSFFVATGFHGIHVIIGTTFLLVCLFRHLNNHFSQIHHFGFEAAAWYWHFVDVVWLFLYISIYWWGS
Gonocephalum sp. MT-2015-Zz052324	YP_010002933.1	5	1	MLSLMTTASIIMAISILLIVVLNITSKKTIMDREKSSPFECGFDPKSSSRLPFSLHFFLIAIIFLIFDVEITLLFPLIISMKYNNMMIYFIVLITFLIILLVGLFHEWKQGALEWTN
Gonocephalum sp. MT-2015-Zz052324	YP_010002937.1	5	1	MLTTLLTISVLMSVLFISMNHPLSAGMILLINTITISLITGNLNQNFWFSYILFLILIGGMLILFMYMTSIASNEKFKTNPMMVMIIMPAPLIAWTINKTIKSTIMNNETLMFNEQISMNSSLIKYINLPLSGTLIFLMIYLLLALIATVKITSFKQGSVRQMN
Gonocephalum sp. MT-2015-Zz052324	YP_010002938.1	5	1	MKMPMRKTSPLFKIVNNSLIDLPSPSNISTLWNFGSLLGLCLVIQIITGVFLAMHYCPNIDMAFNSVAHICRDVNQGWLIRTLHANGASFFFICIYLHVGRGMYYSSYNLIHTWMVGVTILFLVMATAFLGYVLPWGQMSFWGATVITNLLSAIPYLGTDIVQWVWGGFAVDNATLTRFFSFHFLLPFIVAAMVMIHLLFLHQTGSNNPLGLNSNIDKIPFHPYFTFKDILGFLFMMIALVILSLTNPYMLGDPDNFIPANPLVTPVHIQPEWYFLFAYAILRSIPNKLGGVIALAMSIAILYILPFSNKKKFASNQFYPMNKSLFWIMVTLVILLTWIGARPVEDPFIITGQTLTVLYFSYYIINPLTYQLWDNIIN
Thaumetopoea pityocampa	YP_010003161.1	5	1	MYNLNNSTKMFFLFILFFSTLISISANSWLGCWIGLEINLLSFIPLISNPNNLFNSEASLKYFLTQSIASINFLFAILMKMIMMKNFEMNLPILIIMNSSLLMKMGSAPLHFWFPNIIEGMSWFNNFILMTWQKISPMILLSYYFNLYFIYTIIIINVIVGAIGGLNQTSLRKLMAFSSINNLGWMLMALTISENLWIFYFCFYSFLTKIMCLLFYSLNMFYINQFFINNMNPMIKMNLMINFLSLGGLPPFIGFFPKWIIINFMINNNFYLSTLIFTMMSLITLFYYTRIIYSSFMLNYFKTKWFKIFIKNSLFSYINFLSFTSITGMMLSTFFYM
Thaumetopoea pityocampa	YP_010003162.1	5	1	RKWLYSTNHKDIGTLYFIFGIWAGMVGTSLSLLIRAELGTPGSLIGDDQIYNTIVTAHAFIMIFFMVMPIMIGGFGNWLIPLMLGAPDMAFPRMNNMSFWLLPPSLTLLISSSIVENGAGTGWTVYPPLSSNIAHSGSSVDLAIFSLHLAGISSILGAINFITTIINMRLNNMSFDQMPLFVWAVGITAFLLLLSLPVLAGAITMLLTDRNLNTSFFDPAGGGDPILYQHLFWFFGHPEVYILILPGFGMISHIISQESGKKETFGCLGMIYAMLAIGLLGFIVWAHHMFTVGMDIDTRAYFTSATMIIAVPTGIKIFSWLATLHGTQINYSPSILWSLGFVFLFTIGGLTGVVLANSSIDITLHDTYYVVAHFHYVLSMGAVFAIMGGFIHWYPLFTGLHLNPYMLKIQFFIMFIGVNLTFFPQHFLGLAGMPRRYSDYPDSYISWNIISSLGSYISFLAVILMLIIMWESMINQRIILFSLNLSSSIEWFQNLPPAEHSYNELPIMNK
Thaumetopoea pityocampa	YP_010003163.1	5	1	MATWSNLNLQNSNSPLMEQIIFFHDHTLIILIMITILVGYLMLSMLFNKYINRFLLEEQMIELIWTILPAITLIFIALPSLRLLYLLDELNNPLITLKSIGHQWYWSYEYSDFNKIEFDSYMIPINDLNSNNFRLLDVDNRIILPMNNQIRIMITATDVIHSWTVPSLGVKVDANPGRLNQTNFFMNRPGIFYGQCSEICGANHSFMPIMIESIPIKNFINWINNY
