Species	Gene	Code	CDS	Sequence
Cordyceps militaris	cox2	4	0	ATGACAAATATATTAAATTCAATTATTAGCTTTGATGCTCCTGAAGCATGAGGTATTTATTTCCAAGATAGTGCTACTCCACAAATGGAAGGATTAATAGAATTACATGATAATATTATGTATTATTTAGTTTTAGTATTATTTGCTGTAGGATGAATATTATTTTCAATAGTAAAAAATTTTGCTATAAAAAATTCACCTATATCTCATAAATATTTAAATCATGGTAGAGAATTAATATGAACTATTACACCGGCATTAGTTTTAATATTAATAGCTTTTCCTTCATTTAAATTATTGTATTTAATGGATGAAGTTAATGATCCATCATTAACTATTATAGCTGAAGGACATCAATGATATTGAAGTTATCAATATCCTGACTTTATAAATTCAGATGGTGAATTTATAGAATTTGATTCTTATATTGTACCAGATTCAGATTTAGAAGATGGTGGATTAAGAATGTTAGAAGTGGATAACAGAGTTATGTTACCTGAGTTAACTCATACTAGATTAGTAGCTACAAGTGGTGATGTTATACATTCATTAGCTTGTCCAGCTTTAGGTATTAAATGTGATGCATATCCAGGTAGATTAAATCAACTATCCATATTTGTAAATAGACCTGGTGTATTCTATGGACAATGTTCTGAGATATGTGGAATATTACATAGCTCAATGCCTCTTGTATTCCAATCTACAGATTTACCAACATTTTTAAACTGATTATACAATGCATAA
Acropyga sauteri	cox2	5	0	ATTAATACTTGATTAATTTCACTACAAAATTCAAATTCACCTTCATATGATATAATAATTTTTTTCCATGATTTCACTATAATAATTTTAATTTTTATTATATTATTAATCTTTTTTATCTTATACTCATTAATTAAAAATAAATTTATTAATCATTTCCTCCTCCAAAGTCATAGAATTGAATTAATTTGAACAATTATACCTATATTAATTCTAATTTTTATCGCAATTCCTTCAATTAAAATTTTATATCTCTCTGATGAAATACATAATAATAAATTAACCATTAAATCTCTTGGCCATCAATGATACTGAAGATATGAATATTCAGATTTTTATAACATCGAATTTGAATCTTTCATGATTCCCCTCAATGAATTAAAAATTAATGAATTTCGACTTTTAGATGTAGATAATCGATATATTTTACCTTTTAAATATCCCATTCGAATTTTAACTTCATCTTTAGATGTAATTCATTCTTGCACAGTTCCATCTCTAGGAATTAAAATAGATTCTACCCCCGGCCGCCTCAATCAAACCTTTTTAATCATTAATCGACCAGGTTTATTTTTTGGTCAATGTTCTGAAATTTGTGGTATAAATCATAGATTCATACCTATCGTAATTGAATCAACAAATTTTTTTAATTTTAAAAATTGATTAAAATCTTTCTTTTAA
Berkeleya fennica	cox2	4	0	ATGTTAAACATTTATTCAGCTCTAATTTTTCCAACTTTTACATTTGATTGGTTAGGAGATAGTGCTTCAATGTATCAATTAGGATTTCAAGATCCAGCAACTACCACAATGGAAGGTATTTATTTATTTAATCTTCATTTATTATTTGTAATTATTTCTATTGTAATATTAGTAGGGTGGTTACTTTTCATCATATTAAGAAACTTTACTGAGCTTGATAATAGCCAAGTAGCAAACTTTACTCACTCGAATGCCTTAGAGATTGTATGGACTTCTATCCCTGCTTTAATTTTATTAAGCTTGGCATCACCTTCATTTTCTTTACTATATAGCTTAGATGAAATTTCTAACCCAGAATTAACTTTAAAGATTTTAGGGCACCAATGGTATTGGAGCTACGAAATTTCTGATTTCAATTCTTGCTCAGATACTCAGAATTTAAAATATTCAAGTTATATGCTAACAGATGAAGCTTTAAAGGAAAATAGTTCAATAGGTTTTTTTAGAAACTTAGAGACTAATAAAAGAGTAGTTTTACCAACAAATACTCATTTACGTCTTTTAATTACTGCTGTTGACGTTCTTCATAGTTGGACTATTCCATCATTTGGTGTAAAAGTAGATGCTTGCCCTGGAAGGTTAAACCAAGCTAATTTATTTATAAAAAGATTTGGAGTTTTCTTTGGTCAGTGTAGTGAGATTTGTGGTGTAAATCACGGTTTTATGCCTATTGTACTTTTGGCTATGCCATCTGTTCAATATCATTATTTAATAATGAGTAATTTAGAATTTAATTAA
Sanghuangporus sanghuang	cox2	4	0	ATGGTTTATAATTTAATTAATAAAGGTTTTGATTTAAATGTATTATTTTTAAATAAAATTTTAAATGATGCACCAGAACCTTGGCAAATTGGTTTCCAAGATAGTGCTGCTCCTGGATTTACAGGTATTGTTGAGTTACACAATACTTTATTTTTTTATATAGTTATAATTTGTATTTCTGTATTTTGGATTTTAGGTACTATTACATATACTTACAGCTATAATAATAATCCTATAGCACACAAATCGACATTGATTGAATTAATCTGGACAATAGTTCCTGCTCTAGTTTTAATTGCTATAGCTTTCCCTTCTTTCAGATTACTTTATTTATTAGATGAAGTAATATCACCAACTATTACAATCAAAGTTACAGGTCACCAATGGTATTGGAGTTTTGAATATAGTGATTATGTTACTGAAAGTGGTGATCCTATTGAATTTGACTCTTACATGATACCTGAATCAGATTTAGAATTAGGTCAATTTAGATTATTAGATGTTGATAACAGAGTTGTTATACCTGTTGATACACATATTAGATTAATTGTGACAGATGTAATTCATGATTACGCTGTACCTTCATTAGGTTTAAAAATAGATGCTTGTCCAGGTAGATTAAATCAAGTTTCTTTATTAACAGAACGAACAGGTGTTTTCTATGGTCAATGTTCTGAAATTTGTGGGGTATATCACGGATTTATGCCTACTGCAATAGAAGCAGTTTCTGTAGAAAATTATTTAAGCTTCCTAGATTCTCTTTAA
Rhynchobrunnera orthospora	cox2	4	0	ATGTTTTTTTTATTATTTTCAAATATTGTTAATAATTGTGATACACCTAAGCCGTGAGGTCTTTATTTTCAGGATAGTGCTACACCTCAAATGGAAGGGTTAGTTGAATTACACGATAATATTATGTTCTATTTAGTTATAATTTTATTTGGTGTAGGTTGAATAATGATATCGATTGTAAGAAATTATACTAGTACAAAATCACCTATATCTCATAAGTATTTAAACCACGGTACACTTATCGAATTAATATGAACAATTACTCCTGCCTTAATATTAATATTAATAGCTTTTCCTTCATTTAAGTTATTATATTTAATGGATGAAGTTAGTGATCCTGCTATGTCTGTATTAGCAGAAGGACACCAATGATATTGAAGTTATCAATATCCGGATTTTTTAAATGCAGATGATGAATTCATCGAATTTGATTCATATTTAGTACCAGAGTCTGATTTAGAAGATGGAGCTTTAAGAATGCTTGAAGTAGATAATAGAGTTATCCTTCCTGAATTAACACACGTAAGATTTATTGTTACAGCTGCAGATGTTATTCATTCTTTCGCCTGTCCATCTTTAGGTATTAAATGTGATGCTTACCCAGGTAGATTAAATCAAGTTTCAGTTCTTATAAATAGAGAAGGAACTTTCTACGGTCAATGTTCAGAAATATGTGGTATTTTGCACAGTTCTATGCCAATAGTTATAGAATCTGTAAGCATTGAAAAGTTTTTGTCGTGGCTAGAAGAGCAATAG
Dasya binghamiae	cox2	4	0	ATGAACAAATTTTTTTTATTTTTAATTATTTCAAACTTTTTTTTATTTAGTTTTTCTGATGTTGCAGAAAAATGACAATTAGGTTTTCAAGATCCAGCTACACCTATAATGGAAGGTATAATTAATTTACATCATGATTTAATGTTTTTTGTATGTGCTATTTCTGTATTTGTATCTTGGATGTTGTTGCGAACAATTTGATTTTATAATCAAAACAATAATATTACAGCCTCTACATTAACGCATGGTACTTTAATTGAAATAATTTGAACAACAACTCCAGCTATAATTCTTTTAGTTATAGCAATACCTTCTTTTTCTCTTCTATATGCTATGGATGAAGTCATTTCTCCTACGATTACTATCAAAACTTTAGGACATCAATGATATTGAAGTTATGAATATTCTGATTATTTAAATAATGATGGGGAAACCATAAATTTTGATAGTTATATGATTCCTGAAGAAGATTTAGAATTAGGTTTTTTGCGTTTATTAGAAGTAGATAATAGAATGGTTATACCTGTAAATACTCACATAAGAATTATTGTATCAGCAGCAGATGTATTACATAGTTGAGCTGTGCCCTCTTTAGGTATTAAATGTGATGCTATACCAGGTCGTTTAAATCAAACATCCTTATTTGTAAAACGTGAAGGATTGTATTATGGACAGTGTAGCGAAATATGTGGTATAAATCATGGTTTTATGCCAATTGTAGTTGAAGTTGTAAAATTACCAAATTACATTTTTTGAATATCTAATAAATTAAGTGAGTAA
Pseudevernia consocians	cox2	4	0	TTAGGTATTAATGTTGTATACGAAGGTTTTAATACTGAATATGGAAATTCATTATTACAATGTGATGCACCTAGACCTTGAGGTATATATTTCCAAGATAGTGCAACACCACAAATGGAAGGTTTAGTGGAGTTACATGATAACATATTGTTCTATTTAGTTATAATATTATTTGGGGTAGGATGATTACTAGTATCAATAGTTAAAAACTATACTAACACGGAGTCACCAATTTCACATAAATATTTAAGTCATGGAACATTGATCGAGCTAATATGAACTATTACACCTGCCTTAATATTAATTTTAATCGCATTTCCATCTTTTAAATTGTTATATTTAATGGATGAAGTAAGTGATCCAGCTATGGCAGTATTAGCAGAGGGGCATCAATGATATTGAAGTTACCAATATCCTGATTTTTTAAATAGTGATGATGAGTTTATTGAATTCGATTCGTATTTAGTGCCAGAATCTGACTTAGAAGACGGTGCTTTAAGAATGTTAGAAGTGGATAATAGACTTATTATACCAGAACTAACGCATGTTAGATTTATCGTTACAGGTGCTGACGTTATACATTCTTTTGCTTGCCCTGCATTAGGTATTAAATGTGACGCCTATCCTGGAAGATTAAATCAAGTTTCTGTTATGATTAACAGGGAAGGAACTTTTTATGGTCAATGTTCAGAGATTTGTGGTATACTGCACAGTTCAATGCCTATAGTTATAGAATCAGTGTCTATAGAAAAATTTGTTTCTTGACTACAAGAACAATAG
Rozella allomycis	cox2	4	0	ATATTTATTTTACAGAGAAATAAATTTATGTATATGGATTGACCTATATTTATAAATTATAGTTTTAACGAAGAAGGTGTATTTAATTATATAGATAGAATTGAATTGTATGATGTTTATCTCTATTATGGAATATTAATCATTATATCCATATATTTTATATTATATATTATACTTATATTTAAAAATAACTTTATTAAATTATCTCAATATGAAAAAATAGAAATTATTTATATATTTATTCCAACTTTACTAATTATTATTATATTTTTACCTTCTATTAATTTATTATATTCAAATGATAAACTTATGTATATTAATACTTATATTATGATTATAGGCTATCAATGATATTGAAATTATAATATATTAGAATATGGTTATATAGAAATATATATTACAACTTATAACAATAATGATTTATATAATATATTAGAAAATTATATAGAACTAGATAATATTATTATTTTACCTATTATTTATAAATGTTGTTATTTATTTACAAGTGGAGATGTTATTCATTCATATGGAATATTAAGTTTAGGTATTAAAATGGATTGTATACCAGGTATTATAAATATTAATTATATTATTGTATTAAAAAAAGGTATATATGTTGGTTATTGTAGTGAATTATGTGGATCTTATCATAACAATATGAATATTTTATTAAATTATACTTATTACTCTTGATACATTAAATATTTAAATTATTATTAA
Melanthalia intermedia	cox2	4	0	ATGTTTTTTTTAAGTAACTTCATTTTTAACGACGCTGCAGAAAATTGACAGGTAGGATTTCAAGATCCTGCAACGCCAATTATGGAAGGTATTATAAATCTTCATCATGATTTAATGTATTTCCTTTGTGTAATTTTTATATTTGTTTCTTGAATGTTAGTTCGAGCTCTATGGCACTTTGAAAAAACACAAAATACGGTATCCTCTTCGTTAAATCACGGGACGTTAATTGAAATTATTTGGACTATAACACCTGCATGTATTTTATTAGTAATAGCGGTACCTTCATTTTCTCTTTTATATGCCATGGATGAAATCATTTCTCCTGCTATAACCATAAAAACTTTAGGTCATCAATGATACTGAAGTTATGAGTATTCTGATTACTTAAATAATGACGGAGAATCAATTATGTACGATAGTTATATGATTCCAGAAGAAGATTTAAATTTAGGTCAATTGCGATTACTAGAAGTTGATAATCGAATGATTATTCCCGTGAATACTCATATTCGGGTAATTGTTTCAGCAGCTGATGTTTTACATAGCTGAGCGATTCCGTCTTTAGGTATAAAATGTGATGCTATTCCTGGCCGTTTAAATCAAACTTCTATGTTTGTAAAACGTGAAGGTATTTATTATGGACAATGTAGTGAAATTTGTGGAATTAATCATGGATTCATGCCTATTGTCGTGGAAGCCGTAAAATTGCCTAGCTATATTATGTGGATTTCAAATAAATTAAGTGAATAA
Podospora anserina	cox2	4	0	ATGTTTTTTTTAATTAATAAATTAGTTATGAATTTTGATGCTCCCAGTCCTTGAGGTATATATTTTCAAGATAGTGCTACTCCTCAGATGGAAGGGTTAAATGAATTACACGATAATATAATGTATTATTTAGTAGTTATATTATTTGCTGTAGGATGAATTTTATTATCTATAGTTATAAACTATGTTAGTACAAAATCACCAATCTCACATAAATATTTAAATCACGGTACATTAATCGAATTAATATGAACTATTACTCCAGCAGTAATATTAATATTAATTGCTTTTCCTTCTTTTAAATTATTATATTTAATGGATGAAGTTAGTGATCCTTCAATGTCAGTTTTAGCAGAGGGTCACCAATGATATTGAAGTTACCAATATCCTGATTTTTTAGATTCTAATGATCAATTCATAGAATTTGATTCATATATAGTACCAGAATCTGATTTAGATGAAGGAGGATTAAGAATGTTAGAAGTGGATAATAGAGTTGTTCTTCCTGAATTAACACATGTTAGATTTATTATAACAGCAGGTGATGTTATACATTCTTTTGCTGCTCCTGCTTTAGGTATAAAATGTGATGCATACCCTGGAAGATTAAATCAAGTATCTGTTTTTATTAATAGAGAAGGAGTATTCTACGGTCAATGTTCAGAAATATGTGGAATATTACACAGCTCTATGCCTATAGTAATAGAATCGGTATCTTTAGAAAAATTCCTTATTTGATTAAAAGAACAATAG
