Species	Gene	Code	CDS	Sequence
Takifugu chinensis	COX3	2	0	ATGGCCCATCAAGCACACCCATACCACATAGTAGACCCAAGCCCATGACCCCTAACAGGAGCAGTCGCTGCCCTTCTCCTTACATCCGGCCTAGCCATTTGATTCCACTTTAACTCAACTATCCTAATAACCCTAGGACTAGTCCTACTTTTACTCACAATACTTCAATGATGACGAGATATCGTACGAGAAGGCACATTCCAAGGCCACCACACCCCTCCTGTCCAAAAAGGCCTTCGATACGGAATAATTCTATTTATTACCTCCGAAGTATTCTTCTTCCTTGGCTTCTTCTGAGCATTCTACCACGCAAGCCTAGCCCCCACTCCTGAATTAGGAGGCTGCTGACCCCCTACAGGCATTATCCCCTTAAATCCCTTCGAAGTTCCCCTCCTAAACACAGCAGTCCTACTGGCATCAGGAGTTACCGTAACCTGAGCTCACCACAGCATTATAGAAGGTGAACGAAAACAAGCAATCCAATCTCTCACCCTGACAATCCTTCTAGGTTTCTACTTTACATTCCTGCAAGCAATAGAGTACTATGAAGCCCCCTTCACAATCGCAGATGGTGTTTACGGCTCAACCTTCTTCGTCGCTACCGGCTTCCACGGCCTTCACGTCATCATCGGATCAACCTTCTTAGCCGTATGTCTGCTACGACAAATCCGATTCCACTTCACCTCCGAACACCACTTTGGCTTCGAAGCAGCCGCCTGATACTGACACTTTGTAGATGTTGTCTGATTATTCTTATACATCTCAATCTACTGATGAGGCTCATAA
Symphalangus syndactylus	COX3	2	0	ATGACCCACCAATCGCATGCCTACCACATAGTAAAACCCAGCCCCTGACCTCTAACGGGGGCTCTCTCAGCCCTCCTACTGACATCTGGCTTAGCCATATGATTTCACTTCCACACCACCACCCTACTAACACTAAGCATGCTAACCAACGCACTAACCATATTCCAATGATGACGCGACGTAGTGCGAGAAGGCACATATCAAGGCCACCATACAATACCTGTCCAAAAAGGGCTTCGCTACGGAATAATTTTATTTATCACCTCAGAAATTTTCTTCTTTGCTGGATTCTTTTGAGCGTTCTACCATTCCAGCCTAGCCCCCACCCCCCAACTAGGAGGCCACTGACCCCCAACGGGCATTACTCCGCTTAACCCCCTAGAAGTCCCACTTCTAAACACTTCCGTACTCCTCGCATCAGGAGTTTCAATCACTTGAGCCCATCACAGCCTAATAGAAAACAATCGAAACCAAATAATCCAAGCACTACTCATTACAATTCTACTAGGCACCTACTTTACCCTCTTACAAATCTCAGAGTATTTCGAAGCCCCCTTTACCATCTCCGACGGCATTTATGGCTCTACATTTTTTGTAGCCACAGGCTTTCATGGGCTCCATGTCATTATCGGATCAACATTCCTCATCATCTGCCTTATCCGCCAACTACTATTCCATTTCACATCCAAGCACCACTTCGGCTTCGAAGCCGCCGCTTGATACTGACATTTCGTAGATGTGGTTTGACTGTTCCTATATGTATCCATCTACTGATGAGGATCCT
Melanotaenia praecox	COX3	2	0	ATGGCACATCAAGCACATGCATACCATATAGTAGACCCTAGTCCGTGACCCCTCACAGGCGCAGTTGCTGCCCTCCTAATGACATCAGGACTCGCAATCTGGATACACTTCCACTCCACAACTCTAATAACTTTAGGCCTTATCCTTCTCCTCCTGACAATATACCAATGATGGCGAGACATCATCCGAGAAGGCACCTTCCAAGGTCACCACACACCCCCCGTCCAAAAAGGGTTGCGCTACGGAATAATCCTGTTTATCACCTCCGAAGTATTCTTTTTCCTAGGATTCTTCTGAGCTTTCTATCACTCAAGCTTGGCCCCCACCCCAGAGCTAGGAGCATGCTGACCCCCTACCGGTATCACAACTCTTAACCCCTTTGAAGTCCCCTTGCTTAATACAGCAGTCCTACTTGCCTCCGGCGTAACAGTCACCTGGGCCCACCATAGCATTATAGAGGGCGACCGGAAACAGGCAATCCAATCCTTGGCTCTAACAATTCTTCTTGGCTTCTACTTTACCTTCCTGCAAGCAATAGAATACTACGAAGCCCCCTTTACAATTGCCGACGGGGTTTATGGCTCTACCTTCTTTGTGGCCACAGGGTTCCATGGCCTCCACGTAATTATCGGCTCCACTTTCCTGGCCGTCTGCCTCTACCGACAAATCCAATACCACTTCACCTCCCAACACCACTTCGGATTTGAAGCCGCTGCCTGATACTGACATTTCGTAGACGTCGTCTGACTATTCCTCTATATCTCTATCTACTGATGAGGCTCTTA
Hotaria unmunsana	COX3	5	0	ATGTTAAATAAAAATCATTCTTACCATTTAGTTGAAGTAAGACCATGACCAATTCTAGGAGCTTTTAGAGTAATAATTATACTTACAGGAACAATTAAATGATTCCATTTATATGAAATTAATTTATTTATAATTGGAACAATATGCACATTACTTATTATATACCAATGATGACGTGATACATCACGAGAAGCTACATTTCAAGGATTACATACATCAAATGTAGTTAAAGGATTACGATGGGGAATAATTTTATTTATTACATCAGAAGTTCTATTCTTTGTATCATTTTTCTGAAGATTTTTCCACAGAAGTTTAACACCAGCAATTGAAATTGGTATAATTTGGCCACCTAATGGAATTACACCTTTTAATCCAGTACAAATCCCACTACTAAACACAGTAATTTTAATCTCATCGGGTATTACTGTTACATGAGCTCATCATAGAATTATGGAAAATGATTATAAACAATCCATCTATAGATTAAGATTAACAATTTTGTTAGGAATCTACTTTTCTATCTTACAAGCATATGAATACATAGAATCATCATTTACAATTGCTGACTCAGCATATGGATCAACATTTTTCATAGCAACAGGATTCCATGGAATTCATGTTATAATCGGAACTACATTCCTAGCAGTATGTTTAATTCGACAAATAAATAATCATTTTTCATCAATTCATCATTTTGGGTTTGAAGCTGCAGCATGGTACTGACATTTTGTTGATGTTGTTTGATTATTCCTCTATATCTCAGTATATTGATGAGGCAGAT
Sebastes thompsoni	COX3	2	0	ATGGCCCATCAAGCACACCCTTACCACATAGTTGACCCCAGCCCTTGACCCTTAACAGGGGCAATTGCTGCCCTGCTGATAACATCAGGCCTTGCGACCTGATTTCATTTTCGCTCAACAACCCTAATAACCTTAGGAACAGCTCTACTGCTTCTTACAATATACCAATGATGACGAGACATCGTACGAGAAGGAACATTCCAAGGACATCATACACCCCCCGTACAAAAAGGTCTTCGATACGGAATGATTCTCTTCATTACCTCCGAAGTATTCTTTTTCCTAGGATTCTTCTGAGCCTTTTACCACGCAAGCCTCGCCCCCACCCCTGAACTAGGGGGTTGCTGACCTCCCACGGGCATTACAACCCTTGACCCATTTGAAGTTCCTCTTCTTAATACAGCTGTCCTGCTTGCCTCCGGGGTAACAGTCACGTGAGCCCACCACAGCATTATGGAAGGTGAACGAAAACAAACCATTCAATCGCTAGCCTTAACTATTCTCCTAGGCTTTTATTTCACATTTCTTCAAGCCCTGGAATATTATGAAGCCCCATTCACAATTGCAGATGGCGTATACGGCTCCACCTTTTTCGTAGCCACTGGATTCCACGGACTACACGTTATTATTGGATCCACATTTTTGGCTGTTTGCCTCCTACGACAAATCCAATACCACTTTACATCCGAGCACCACTTCGGGTTCGAAGCAGCTGCCTGATACTGACATTTCGTAGACGTTGTGTGATTATTCCTATATATCTCTATCTACTGATGAGGCTCTTA
Torquigener brevipinnis	COX3	2	0	ATGGCCCATCAAGCACACCCATACCATATAGTAGACCCCAGCCCGTGACCTCTTACAGGAGCAGTCGCTGCCCTTCTTCTTACCTCTGGCCTAGCCATTTGATTCCACTTCAACTCAACTGTTCTAATAACCCTAGGACTAGTTCTACTTTTACTCACAATACTCCAATGATGACGAGACATTGTACGAGAAGGCACATTCCAAGGCCACCACACACCCCCCGTTCAAAAAGGCCTTCGATACGGAATGATTTTGTTTATTACCTCTGAAGTATTCTTCTTTCTTGGCTTCTTCTGAGCATTCTACCACTCAAGCCTTGCCCCTACTCCTGAGCTAGGAGGTTGCTGACCCCCTACTGGCATTGTTCCACTAAACCCATTTGAAGTCCCCCTTCTCAATACAGCAGTCTTACTAGCATCAGGGGTCACCGTAACCTGAGCCCACCACAGCATCATAGAAGGTGAACGCAAACAAGCAATCCACTCCCTTACCCTAACAATTCTTCTAGGTTTCTACTTTACATTCCTACAAGCAATAGAATACTATGAAGCCCCATTCACGATTGCAGATGGAGTCTACGGCTCAACCTTTTTCGTCGCCACTGGTTTCCACGGCCTTCACGTCATCATCGGCTCAACTTTCCTAGCCGTATGTCTTATCCGACAGATCCGATATCATTTCACCTCCGAACACCACTTTGGCTTTGAAGCAGCCGCCTGATACTGACACTTTGTAGATGTTGTCTGACTATTCTTATACATCTCAATCTACTGATGAGGCTCATA
Babina holsti	COX3	2	0	ATGGCCCACCAAGCTCACGCCTTCCACATAGTAGACCCCAGCCCTTGACCATTAACAGGAGCCACTGCAGCTTTCTTGTTAACATCCGGCCTAGCCGCATGATTTCACTTTAATACCTCTGTTATTTTAACAATAGGGCTAACTTTAATATTATTAACTATATATCAATGATGACGAGATGTTGTCCGTGAAGGGACCTTCCAAGGTCACCACACCCCACCAGTTCAGACAGGCCTCCGTTATGGTATAATCCTTTTTATTACCTCAGAAGTATTTTTCTTTATTGGCTTCTTTTGAGCATATTACAATGCTAGTCTTGCCCCAACTCCAGAAGTTGGAGAGTGCTGGCCTCCAGCAGGAATTACCCCTTTTAACCCATTTGAAATTCCATTACTTAATACAGCAGTCCTACTAGCCTCCGGAGTATCAGTTACATGAGCCCATCACAGCATTATACAAGCCGATCGTAAAGGGGCCCTCCAAGCCCTTGCCATTACAATTACCTTAGGCCTTTATTTTACCCTCCTCCAAGCTATAGAATATTATGAAGCCCCATTTACAATTGCTGATGGCATTTATGGTACCACCTTCTTCGTAGCCACAGGATTCCACGGCCTACATGTTATTATTGGCTCAGCATTTCTTATTATGTGTTTCCTACGCCAATTATACTTTCATTTTACCTCTCAACACCACTTTGGCTTTGAAGCTGCCGCATGATACTGACACTTTGTAGACGTTGTTTGACTTTTCCTTTATGTGTCAATCTACTGATGAGGCTCAT
Rhincodon typus	COX3	2	0	ATGGCTCACCAAGCACATGCATTTCACATAGTTGACCCAAGTCCATGACCACTAACAGGAGCTACTGCAGCCCTCCTAATAACATCAGGTTTAGCCATCTGATTTCACTTCCATACATTATCTCTACTATATCTAGGATTTATTCTTCTTTTATTAACTATAATTCAATGATGACGTGATATTATCCGAGAAGGAACATTCCAAGGACATCACACACCCCCAGTTCAAAAAGGTTTACGCTATGGCATAATCTTATTTATTACATCAGAAGTATTTTTCTTTCTTGGTTTCTTCTGAGCCTTTTATCATTCAAGCCTAGCACCTACACCAGAATTAGGAGGTTGCTGACCACCCACTGGAATTCTTCCACTTGATCCTTTTGAAGTACCCTTATTAAATACTGCAGTTCTCCTAGCCTCAGGCGTTACAGTAACCTGAGCTCACCATAGCCTTATAGAAGGTAATCGAAAAGAAGCTATCCAAGCATTAACATTAACCATCATCTTAGGTTTTTACTTTACATCCCTACAAGCCATAGAATACTATGAAGCACCTTTTACCATCGCTGATGGTGTATATGGCACAACATTTTACGTTGCCACAGGTTTTCACGGACTCCACGTTATTATTGGTTCAACATTTTTAGCGATCTGTTTACTACGACAAATCCAATACCACTTTACATCAGAACACCATTTTGGTTTTGAAGCAGCTGCATGATACTGACACTTTGTAGATGTAGTATGATTATTCCTTTATGTTTCCATCTATTGATGAGGCTCATAA
Fruhstorferiola omei	COX3	5	0	ATGTTAACAATACACTCAAATCACCCATTTCACTTAGTAGACTATAGACCTTGACCATTAACAGGAGCAATTGGAGCAATAGTAATAGTTTCAGGATTAGCTAAATGATTTCACTTATTTAATATTAATTTATTTATAATTGGAATAGGAATTACCTTACTTACAATAATTCAATGATGACGAGATGTAGTTCGAGAAGGAACATATCAAGGATTACATACAGGATTTGTATCAATTGGACTACGATGAGGTATAATTTTATTTATTGCATCTGAAGTATTATTTTTTATATCATTCTTTTGAGCTTTTTTTAGAAGAAGACTAGCACCAACCATTGAATTAGGAATATTATGACCCCCAATAGGAATTCAACCATTTAACCCTATACAAATCCCATTACTTAATACAGCAATTCTTCTTGCATCAGGAGTAACTGTAACCTGAGCTCATCATAGACTTATAGAATCTAATCATACTCAAACACTTCAAGGATTATTCTTTACAGTATTACTAGGAATTTATTTCACCATACTACAAGCATATGAATATTGAGAAGCACCTTTTACTATTGCTGATGCAGTCTATGGGTCAACATTCTTTGTTGCAACAGGATTTCATGGATTGCATGTAATTATTGGAACAATATTTCTATTAACATGTCTAATTCGACATTCAATAAATCAATTCTCACCCAATCATCACTTTGGATTTGAAGCAGCCGCATGATATTGACATTTTGTAGATGTAGTATGATTATTCTTATATATTTCAATCTACTGATGAGGTAGATAA
Apis nuluensis	COX3	5	0	ATGAAAAAAAATTTTCCATTTCACATAGTTACAAATAGACCTTGACCAATTATTCTATCATTTAGATTAATAAATTCATTAGTTAGAATAGCAATTTGAATTTATAGATCAAATATTTTACTTTTAATTCTTAATTTTACTAATACAATAATAATTATAATACTTTGATTTCGAGATATTATTCGAGAAAGAACATTTCAAGGTTTACATACACTTTATGTAATTAATTTTTTAAAATTTAGAATAGTTTTATTTATTATTTCAGAATTAATATTTTTTATCTCCTTTTTTTGAGCTTTTTTTCATTCATCAGTATCTCCAAATATTGAAATTGATATATTATGACCACCTAAAGATATTAAATTTTTTGATCCAATAGAAATTCCTTTATTAAATTCTTTTATTTTAGTTTCATCAGGAATTGCAATTACTGTTAGACATTATTATATAATTACTAATAATTTAAAACTATCTAAATTATATTTACTTTTTACAATTATTTTAGGAACATATTTTATAATTATTCAATTAATTGAATATGTAAATTCATATTTTTGTTTTAATGATAGAGTTTATGGATCAATTTTTTATATAGCTACAGGATTTCATGGACTTCATGTACTAATTGGAGTAATTTTCCTTTCTATGTCAATTTTACGAATATCAAAGATTCATTTCTCAAATATACATAATATAAATTATGAAATAGCAATTTGATATTGACATTTTGTAGATGTAATTTGATTATTTTTATATTCATTTATTTATTTATTAATTTAA
