Species	Gene	Code	CDS	Sequence
Squatina japonica	COX3	2	0	ATGGCTCACCAAGCACACGCATACCACATAGTTGACCCTAGCCCATGGCCATTAACAGGAGCTGTCGCTGCTCTATTAATAACATCAGGCTTAGCCATCTGATTCCATTTCCATTCCATAACTCTTCTTTATCTTGGATTAACCCTTCTTTTTCTAACTATAATTCAATGATGACGAGATATTATTCGAGAAGGCACATTTCAAGGCCACCACACCCCTCCAGTCCAAAAGGGGCTCCGCTACGGAATAATTTTATTTATTACTTCCGAAGTATTCTTTTTTTTAGGTTTTTTCTGAGCCTTCTACCATTCAAGCCTTGCACCAACACCAGAACTTGGTGGATTTTGACCACCAGCAGGAATTTTTCCCTTAGATCCATTTGAAGTACCCCTCCTAAACACCGCAGTTCTCCTGGCTTCCGGAGTCACAGTAACTTGGGCCCACCACAGCCTAATACAAGGAAACCGAAAAGAAGCCATTCAAGCCCTAATCCTTACCGTAGCCCTTGGATTTTATTTTACAGCCCTCCAAGCCATAGAATATTACGAAGCCCCTTTTACCATCGCTGATGGGGTCTACGGATCAACATTCTTCGTTGCCACAGGTTTTCACGGCCTCCACGTCATTATCGGTTCAACATTTTTAGTAATTTGTTTACTACGGCAGATCCAATATCATTTTACATCACAACACCACTTCGGCTTTGAAGCCGCTGCATGGTATTGACACTTTGTAGATGTAGTATGATTATTCCTTTATGTTTCCATCTATTGATGAGGCTCATAA
Hydrotaea chalcogaster	COX3	5	0	ATGTCAACTCATTCAAACCACCCATTTCATTTAGTAGATTATAGACCATGACCTTTAACTGCTTCAATTGGAGCAATAACAACAGTAGCAGGAATAGTAAAATGATTTCATCAATATGATAATTCACTATTTTTATTAGGAAATATTATTACTATTTTAACTGTTTATCAATGATGACGAGATGTATCTCGAGAAGGTACATTTCAAGGATTACATACATTAGCAGTTACTACAGGATTACGATGAGGAATAATTTTATTTATTCTTTCAGAAGTTTTATTTTTTGTTTCTTTCTTCTGAGCTTTTTTTCATAGTAGTTTATCACCATCAATTGAATTAGGAGCAATATGACCACCTATAGGAATTACTCCTTTTAATCCTTTTCAAATTCCTCTTTTAAATACAATTATTTTATTAACTTCAGGAATTACTGTAACTTGAGCTCATCATAGTTTAATAGAAGGAAATCATTCTCAAACTACTCAAGGACTATTTTTTACTGTTCTATTAGGAATTTATTTTACAATTTTACAAGCATACGAATATATTGAAGCTCCTTTTACAATTGCAGATTCTGTTTATGGATCTACATTTTTTATAGCAACAGGATTTCATGGAGTACACGTATTAATTGGAACTACTTTCTTATTAGTTTGTTTAATTCGTCATTTAAATAATCATTTTTCAAAAAATCATCATTTTGGATTTGAAGCTGCTGCATGATATTGACACTTTGTTGATATTGTATGATTATTCCTTTATGTTTCAATTTATTGATGAGGAGGATAA
Erimyzon oblongus	COX3	2	0	ATGGCCCACCAAGCACATGCATACCATATGGTTGATCCAAGCCCATGACCCTTAACCGGCGCAATCGCCGCTTTACTCCTAACATCCGGATTAGCAATTTGATTCCACTTTCATTCAACTACACTTATAACTCTGGGGTTGGTGCTTACTATTCTCACAATATATCAGTGATGACGTGATATTATTCGAGAAGGGACATTCCAAGGCCATCACACACCTCCCGTACAGAAAGGCCTACGATATGGAATAATCCTCTTTATTACCTCTGAAGTGTTCTTCTTTCTCGGATTTTTCTGAGCATTCTATCACTCTAGCCTTGCACCCACACCTGAGCTAGGAGGGTGCTGACCCCCGACAGGAATTACTACACTAGACCCATTCGAAGTACCTCTACTTAATACAGCCGTACTTTTAGCATCAGGAGTTACAGTAACATGGGCCCATCATAGCCTAATAGAAGGAGAACGTAAACAAGCCATCCAATCTTTAACCCTTACAATTTTATTAGGACTCTACTTCACCGCCCTTCAGGCTATAGAATATTATGAAGCCCCTTTCACAATCGCAGACGGTGTATATGGATCAACCTTTTTTGTAGCCACAGGATTCCACGGACTCCACGTCATTATCGGATCAACCTTCCTAGCTGTGTGCTTACTACGCCAAATTCAATACCATTTTACATCAGAACACCACTTTGGCTTTGAAGCCGCCGCATGATACTGACATTTCGTCGACGTAGTATGACTATTCCTTTACGTGTCAATTTACTGATGAGGCTCATA
Circus melanoleucos	COX3	2	0	ATGGCCCACCAAGCACACTCCTACCACATAGTAGATCCTAGCCCCTGACCCATTTTCGGCGCAGCAGCCGCCCTACTCACTACCTCCGGACTCATCATATGATTCCACTACAACTCCTCTCAACTCCTATCCATAGGCATACTCTCCATACTCCTAGTCATGCTACAATGATGACGAGACATCGTACGAGAAAGCACATTCCAAGGTCATCATACCCCAACTGTGCAAAAAGGCCTACGATACGGAATAATTCTATTCATTACATCTGAGGCATTCTTCTTCCTAGGCTTCTTCTGAGCATTCTTCCATTCCAGCTTAGCTCCAACCCCAGAACTGGGCGGACAATGACCCCCAGCAGGAATTAATCCCCTCAATCCCCTAGAAGTGCCCCTACTAAATACAGCAATCCTCCTCGCCTCAGGTGTTACCGTAACATGAGCTCACCATAGCATCATAGAAAGCAACCGAAAACAAGCAATCCACGCACTCACCACAACTATCCTCCTCGGCTTCTACTTCACAGCACTACAAGCAATAGAATATTACGAAGCCCCCTTCTCAATTGCTGACGGCGTGTACGGTTCAACCTTTTTCGTTGCCACAGGCTTTCACGGACTACACGTAATCATCGGATCCTCCTTTCTACTAGTTTGCCTCATACGCTTAGTCAACTTCCACTTCACATCCAACCATCACTTCGGATTCGAAGCAGCTGCATGATACTGACACTTCGTAGACGTTATCTGACTATTCCTCTACATAACCATCTACTGATGAGGATCTT
Antodynerus aff. limbatus YN	COX3	5	0	ATGTATAACTCAAATCATCCTTATCATCTTGTAACAATTAGACCTTGACCAATTTTTTTATCATTCAACTTACTATTTTTATTAATAGGATTTATTAAATGATTCTATTTTTTTAATCATTATTTATTATTATTTAGATTAATTTTAATATTAATTATTCAATTTCAATGATGACGTGATGTAACACGAGAAAGAACCTTTCAAGGATGTCATACAATATATGTAATAAATAATATTCGTATAGGAATAATTTTATTTATTACTTCAGAAATTTTTTTTTTCATTTCATTATTTTGAACCTATTTTCATTCAGCTTTAGCCCCCAGAATTGAAATTGGTTTAATATGACCACCTAAAGGAATTAAAATATTTAATCCATATGATATTCCTATATTAAATTCAATTATTTTAATTACTTCAGGACTAACAATTTCATGATCTCATAATATAATAATCATAAATAAATTCAAAATCTCATACTTTAGATTATTACAAACTATTATATTAGGAATCATTTTCTCTTTATTTCAATATATTGAATATTATGAAGCACCATTTACAATCTCTGATTCTTGTTTCGGTTCCATTTTTTTTTTAACTACAGGATTTCATGGAATTCATGTTATTATTGGAACCTTATTTTTAATAATTTGTTTAATTCGAATACAATTAAATCATTTTTCTAAAAATCATCACTTTGGATATGAAGCAGCAATCTGATATTGACATTTTGTAGATATTGTTTGATTATTTGTTTATACATGAATTTATTGATGATTTTTTT
Angiostrongylus cantonensis	COX3	5	0	TTGTATCATAATTTTCATATTTTAAGATTATCTAGTTATGCTTTTTATTTATTTTTTAGAGCTTTAGGTGTTACTAGTTCTTTGGTTTTGTTTTTTAAGTTTGGGGTGTATTTGCCTTTTTTACTTAGATTGTTGGTATTGTTATTTGTTTCTTTTTTATGGGGTAAAGATGTTTCTCTAGAAGGTTTAAGGGGGTATCATAATTTTTTTGTTATTGGGGGGTTTAAGTTTGGTGTAATGTTGTTTATTTTTAGTGAGGTTATATTTTTTTTTGGAATTTTTTGGGTGTTTTTTGATTCTGCTTTAGTACCTGTTCATGAGTTAGGAGGTGATTGATCATCATATGGATTATTAATGGTTAATCCTTTTGGGGTGCCATTATTGAATACTATTATTTTGTTGAGTAGGGGGGTTAGAGTTACTTGAGCTCATTATAGTTTGTTGAGTAATAAGAGATGTTTAAGTAGAATAGTATTAACTTGTTTGTTGGCTTTTTATTTTACTTTAGTCCAGTTAATGGAGTATAGAGAAGCTAGATTTTCTATTTCTGATGGTATTTATGGTAGAATTTTTTATTTGTCTACTGGCTTTCATGGTTTGCATGTTTTGTGTGGTGGGTTGTTTTTATTTTTTAATTTATTGCGTTTAGTGAAGTGTCATTTTAATTATAATCATCATTTGGGTTTGGAGTTCGGAATTTTGTATTGGCATTTTGTAGATGTAGTGTGATTATTTTTGTTTGTGTTTGTTTATTGGTGATCTTATT
Simenchelys parasitica	COX3	2	0	ATGGCACACCAAGCACACGCATTCCACATAGTTGACCCCAGCCCATGGCCCCTAACAGGCGCAGTAGCCGCCCTACTGATAACATCAGGAACCGCTATATGATTTCACTTCCAATCAACCATTTTGATAACGATAGGATTAATTCTCCTCCTCCTCACAATGTACCAATGATGACGAGATATTGTACGAGAAGGGACATTCCAAGGACACCACACACCCCCCGTACAAAAAGGCCTCCGATATGGTATAATCCTATTTATTACCTCAGAAGTCTTCTTCTTTTTAGGATTCTTTTGAGCATTTTACCACGCAAGCCTCGCCCCAACCCCTGAACTGGGAGGATGCTGACCACCAACAGGTATTACAGCCCTAGACCCATTTGAAGTCCCACTACTAAATACTGCCGTCCTCCTGGCCTCCGGCGTTACAGTCACATGGACACATCATAGTATTATAGAAGGAGAACGAAAACAAGCAATTCAATCATTAACCCTTACTATTTTGTTAGGTTTTTATTTTACCTTCCTACAAGCAATAGAATACTACGAGGCCCCATTTACTATCGCTGATGGAGTCTACGGTTCAACCTTTTTTGTGGCTACAGGATTCCACGGACTACATGTAATTATTGGCTCTACATTCCTGGCAGTTTGTCTTCTACGACAAGTAAAATATCATTTCACATCAGAACATCATTTTGGATTTGAAGCTGCCGCATGGTACTGACACTTCGTTGATGTAGTATGACTATTCTTATATGTTTCAATTTACTGATGAGGCTCATA
Lobotes surinamensis	COX3	2	0	ATGGCCCACCAAACACACGCATTTCATATAGTTGACCCTAGTCCGTGGCCTTTAACAGGAGCAATTGCTGCCTTGCTAATAACTTCAGGACTAGCAATCTGATTCCACTTCCACACTACCACACTCATACTTATTGGCTCGGCCCTTCTACTCCTTACCATGTACCAATGATGACGAGATATCGTTCGTGAAGGAACCTACCAAGGCCACCACACCCCTCCTGTTCAGAAAGGTCTTCGCTTTGGCATAATTCTCTTTATTACTTCAGAAGTATTCTTCTTCCTTGGCTTTTTCTGAGCATTTTTTCACTCTAGCCTCGCTCCCACCCCAGAACTTGGAGGCTCCTGACCTCCCACAGGCATTACTCCACTTGACCCATTTGAAGTTCCGCTACTAAACACAGCTGTTCTTCTTGCATCCGGAGTGACAGTCACCTGGGCCCATCACAGCATCATAGAGGGTAAACGAAAACAAGCTATTCAATCACTGATGCTAACAATTCTCTTAGGCTTTTACTTCACCCTTCTCCAAGCTATAGAATACCACGAAGCACCCTTTACCATCGCTGACGGCGTATACGGCTCCACATTCTTCGTGGCAACGGGCTTCCACGGCCTTCACGTAATTATTGGCTCCTCCTTCCTTGCCATCTGTCTTATGCGTCAGATCGCACACCACTTTACATCAGGCCATCACTTTGGGTTTGAAGCCGCTGCCTGATACTGACACTTTGTCGACGTCGTGTGACTGTTCCTATATGTCTCGATTTACTGATGAGGCTCATA
Ephemera orientalis	COX3	5	0	ATGTCCACACATAGTAATCACCCATACCACCTAGTTGACCAAAGACCTTGACCTTTAACTGGAGCCATTGGAGCAATAACAACCTTATGTGGGTTAGCTCAATGATTTCATCAATATAATATAAACCTATTAACTTTAGGATTTGTAATTACATTATTGACAATAATTCAATGATGACGAGATGTAACCCGAGAAGGTACTTATCAAGGATTACACACTTATATTGTTACCTTAGGACTTCGTTGGGGAATAATTTTATTTATTATTTCTGAAGTATTTTTCTTTGTATCCTTCTTTTGAGCTTTCTTCCATAGTAGACTAGCACCTACTGTAGAATTAGGAGCTATTTGACCACCAACAGGTATTTCTCCCTTCAACCCATTACAAATTCCCCTTCTAAATACAGCAATTTTACTAGCATCAGGAGTCACAGTTACATGAGCCCATCATAGCCTTATAGAAAGTAACCACACCCAAGGCCTACAAGGATTATTTTTCACAGTTATTTTAGGAGTTTACTTCACTATCCTCCAAGCTTATGAATATATTGAAGCCCCATTTACTATTGCAGACGCTGTTTATGGATCAACATTCTTTATGGCTACCGGTTTCCACGGACTACATGTTATTATTGGTACTACATTCTTAATAGTTTGTTTAGTACGTCATTACTTAGAACACTTCTCCCCAAACCACCACTTTGGATTTGAAGCTGCTGCATGATACTGACATTTTGTTGATGTTGTTTGATTATTTTTATATATTTCAATCTACTGATGAGGTAGTTAA
Carpoglyphus lactis	COX3	5	0	ATGAAAAAATTTATTCCTTTTCATCTTGTTAATTTAAGGCCTTGGCCTCTTTTAACTTCTTTTTCTATTCTTAGGTTTGCATTAGGTGTAGTTATTATAGTGCGTAGATTTAACGTGTATCCTTTTTTAGTGTCTTTATTTTTACTATTCTTTTCTTCTTTTCTTTGAGGACGAGATATTCATCGTGAATCTTGCTATGAGGGCTCTCACAACGAAGAGGCTGGGGTTGGTTTTAAAATCGGTATAATTTTTTTTATTATTTCTGAGTGTTTCTTTTTTTTAGGAATATTCTGAGGATACCTTCATTTAGCTGAAGCCCCTGCAATTGAGATTGGAGGAGTTTGGCCTCCTGTGGGAGTTGTTACTTTTGATCCTATAGGTATCCCATTTCTAAATACTATTCTTTTAGTCTCCTCAGGTATTTCTGTCACTTGGTGCCACCATTCTATGGAGTTGGGGGACTTTAAATCTAGGGTGTTATCTTTATCATTGACTCTTCTGTTAGGGTTAAGTTTTACTATATTCCAACTTTTAGAGTACTATGTTTGCACCTTTACTTTTTCTTGTTCTTCTTATTCCTCTATTTATTTTATAGGAACAGGGTTTCATGGACTACATGTTTTAATCGGAAGAATTCTTTTATTAATTTGTTTATTTCGTTTTAGCAACCTTTATATTAGACCTAATCGTAGGCTAGGGTTTGAGTGTTCTGTGTGATATTGACATTTTGTAGATATTGTTTGATTTTGCTTATATTTAGTGTTTTACTGGTGAGGAGTTTAA
