Species	Gene	Code	CDS	Sequence
Paramphistomum cervi	ND3	9	0	ATGTTTGTTATGTTGAGTTGTGTGGGTTTGTTTTTGTTAGTTTTTGTGTTAGTTAGGGTGTTTCATGCTTTTTTATGGAATGTGGAGTGATCTTCTGCGGTAGGTTTACGTTGTTGGGTTAGGCCTTATGAGTGTGGTTTTATGTCTCAACAGCTGGTTGTGAATTATTTTAGTTATACGTGCTTTGTTCTTTTGGTTTTTTTTGTGGTGTTTGATTTGGAGGTTTCTTTGCTTTTGAAATTACCATTGCAGGGTATGTTGTATAAGAATTTGATGTATTATCTTTTCTTTTTGGTGTTGCTTTGTTTTGGTTATGCAGTAGAGGTGTATAAGGGTTATGCTTTGTGGGTTTATTAG
Chitra indica	ND3	2	0	ATGAATACAACATCATCACTATTCACCATATCAATAATCATCTCAATCCTCCTAATTACACTCAACAGCCAACTAGCAACAATAAAACCAAACAACGAAAAACTATCCCCATACGAATGCGGATTTGACCCACTTAAAACCTTCCGCCTACCCTTCTCAATCCGATTCTTCCTCGTAGCAATTCTATTCCTACTATTTGATCTAGAAATCGCACTTCTTCTCCCGCTCCCCTGGGCCATCCAACTAACCACACCAATACATACCCTCACATGAACCTTCACCATCCTATTACTTCTAACACTAGGCTTCATCTATGAATGAACCCAAGGGGGTTTAGAATGAGCAGAAT
Macrophthalmus pacificus	ND3	5	0	ATCATTACACTTCTAGCTATCTCCCTAGTTACACTACTTATTACATACGTAATTATAACCCTAGCAACTATCCTAGCAAAAAAAACAATTTCTGACCGGGAAAAAAATTCTCCCTATGAATGCGGATTTGACCCTAAAGGATCAGCACGACTTCCGTTCTCCCTACGATTTTTTTTAATTGCAGTAATTTTTCTAATCTTCGATGTAGAAATTACACTTATCCTGCCAGTAGCCTCTACCCTAAACTTAACTAACATTTTTTCTTGAATATCGACAAGTYTAATCTTCCTTCTCATTCTACTCCTAGGACTCTATTACGAATGATCCCAAGGGGCCTTGGAGTGATCCTAA
Serratella zapekinae	ND3	5	0	ATGTTTGCCGTTTTCTCCATAGCAGTGATCTTATTTTTAATTACTTGTGTTGTTATAAGCTTAGCAACATTACTCTCGAAAAAGGATATTAATGACCGAGAAAAAAGAACTCCCTTTGAATGTGGGTTTGACCCTAGTAGTTCTGCCCGATTACCCTTCTCGCTTCGGTTTTTCTTAATCGCCGTTATTTTCTTAATTTTTGATGTGGAAATTGCTCTCTTATTACCCTTAGTCCTTGTTTTGAGCTACACCCCCGTTAATTGGTGGTTCTATGTTGCCATCGCTTTCCTAGTTATTTTATTGGTTGGGCTTTATCACGAATGATCCCAAGGAGCACTAAATTGAGCCCATTAG
Sternotherus carinatus	ND3	2	0	ATGAACACAATAATCTCAAATATGACAATCGCACTCTCCTTATCCACAATCCTAATAATACTAAATTTATGATTAGCACTAACAAAACCAAATAGTGAAAAACTATCCCCATATGAATGCGGCTTTGACCCCTTAGAATCAGCTCACCTTCCATTTTCAATCCGATTTTTCCTAGTAGCAATTCTATTTCTCCTATTTGACTTAGAGATCGCATTACTATTACCCTTACCATGAGCCATTCAACTACAATCACCAACCCACACCTTAATATGATCCATTATTATCCTATTATTACTAACATTAGGATTTATCTACGAGTGAATTCAAGGAGGACTAGAATGACCCGAATAA
Bothus myriaster	ND3	2	0	ATGAACCTGCTCCTTGCCACTGCGTCTATAGCCGCCACCTTATGCGTCATTCTGGGGCTCATTTCTTTCTGACTTCCTGTTATTAACCCTGACTCAGAAAAGATTTCAGCATATGAGTGCGGGTTCGACCCAATGGGTTCAGCTCGCCTCCCCTTCTCCGTTCGATTCTTTTTAGTAGCTATCCTATTCCTCCTATTTGACCTTGAGATTGCGCTCCTCCTCCCAGTCCCCTGGGGGAGCCACCTAAATCCACCATTCACCACTTTTACATGAGCAACTGCGGTCATTTTATTGTTAACCCTGGGCTTAGCATATGAGTGGGCCCAAGGTGGCCTGGAGTGAGCGGAGT
Crocodylus mindorensis	ND3	2	0	ATAAACCTACTTACCACACTCATATTAGCCACAGCCACCGCAGTAGCCGTAATCACCCTAAACCTGCTGATGTCAGAAATAGCCCCGGACCCAGAAAAACTCTCACCATATGAATGCGGATTTGACCCACTAGGGTCCGCCCGCCTACCACTATCCATCCGCTTTTTCATAGTAGCCATTCTATTCTTACTATTTGACTTAGAAGTCGCCATCCTACTACCACTAGCATGAGCTCTCCAACTCACAAGCCTGATCAAAAGCATCACATGAGCCATCACTATCTTCTTACTCATATTTGCAGGCCTAACATACGAGTGGCTACAAGGAGGACTAGAATGAGCAGAATAG
Artamus cinereus	ND3	2	0	ATGAACATAGTCCTATTCATGATCATCCTATCATTAGGCCTAAGCATCCTCTTAACCGCATTAAACTTCTGACTAGCCCAAATCAACCCCGACTCAGAAAAACTATCCCCGTACGAATGCGGCTTTGACCCCCTAGGATCCGCCCGGCTCCCATTTTCAATTCGATTTTTCCTAGTAGCTATTCTATTCTTACTCTTTGACTTAGAAATCGCCCTATTACTCCCCCTACCCTGAGCCATCCAATTACAAACCCCCACTATTACCTTAATATGAGCCTCCATTTTAATCCTCCTACTCACCCTAGGCCTAATCTACGAATGAGCCCAAGGAGGACTAGAATGAGCAGAATAA
Syncrossus hymenophysa	ND3	2	0	ATGAATTTAATAACCACTATTCTAATTATTACCTCAGCCCTATCCCTAATTTTAGCAATCATTTCATTCTGAATTCCCCAAATAAATCCAGACGCAGAAAAACTTTCCCCTTACGAATGTGGCTTTGATCCACTAGGGTCCGCTCGATTACCATTTTCACTACGATTCTTCCTAGTAGCAATTTTATTCCTTTTATTTGACCTAGAGATTGCCCTCCTACTTCCACTACCATGAGGAGACCAACTTCACAACCCCGCAGGAACCTTCTTCTGAGCCACAACAGTCCTAGTTCTTCTAACATTAGGCCTAATCTACGAATGAACACAAGGAGGCCTAGAATGAGCAGAAT
Chionobathyscus dewitti	ND3	2	0	ATGAATTTAGTCATAACCATCCTTGCAATTACTAGCCTCCTCTCTGTCATCCTCGCTGTCGTATCATTTTGTCTCCCTCAAATATCGCCAGACTATGAGAAGCTCTCCCCCTACGAGTGCGGCTTCGACCCCTTAGGGTCCGCCCGTCTCCCCTTCTCCCTTCGATTTTTCCTCATCGCTATTCTCTTTCTCCTCTTTGACCTAGAAATTGCACTTCTCCTCCCACTACCCTGAGGAGACCAGCTGGCCTCCCCCCTCGCATCTTTTTCATGAGCAACCACACTTTTAGCTCTTCTAACCCTTGGGCTAATTTACGAGTGATCACAAGACGGCTTAGAGTGAGCTGAATA
