Species	Gene	Code	CDS	Sequence
Pomacea diffusa	ATP6	5	0	ATGCTTGTTGATATTTTTTCGTCTTTTGATGATCATAATCAAGTTTTTATATCTATATATTTTTTTACATGGGGGTTTACTTTTTTTGTTATTCTAGTATTCACTTTAACCTACTGACTTTATATACCCCGTTGAAGAATGATAATTAGAATTTTTAAAACTACGATTTCTTCTCAGGTTTTTCGTTCGTTTAGTGTTAGATTAGGGGGTTTTATAAATGTAATTTCGGGCTTGTTTTTATTTTTGATTTTTATAAATTTATTAGGGCTAATTCCGTATGTATTTAGACCTACTAGTCATCTAGCAATTTCTTTATCTATTGGTTTACCTATATGAATAAGACTTATTTTGTCCGCTGTCATTTATAATTTTAGATCTGTGATTGCAAGATTATTACCTATAGGGGCACCAGCTATATTAAATCCTTTTTTGGTTCTAATTGAGTCCGTAAGAATTTCTGTGCGGCCTATCACATTATCTGTGCGGCTTATAGCAAATATAAGTGCCGGCCATATCGTATTAAGACTTATTGGAAATTATTTAACTGGTGCTTTACTGTCAGTTTCGTTTAGGGCTACAATATTCTTAATTATGGTTCAAGTCTTTTATACTATTTTTGAATTTGGTATTAGCTTGATTCAGGCATATATTTTCTGTTTATTAATTACACTATATTCAGATGAACATCCACATAGCTGGATAAAAATTTTTTAA
Sarcophaga melanura	ATP6	5	0	ATGATAACAAATTTATTTTCAGTATTCGACCCTTCTTCAAGCATTTTCAATTTATCATTAAATTGACTAAGAACTTTTTTAGGAATTTTAATAATTCCTTCTGCCTATTGACTGATACCCTCACGATATCATATTTTTTGAAACAATATCTTATTAACACTTCATAAGGAATTTAAAACTCTATTAGGACCTATGGGTGCTAATGGATCAACCTTCTTATTTGTTTCCTTATTTTCAATAATTTTATTTAATAATTTCATAGGGCTATTCCCTTATATTTTCACAAGAACTAGTCATCTAACTCTTACATTAACATTAGCTTTACCCTTATGATTATGTTTTATACTATTTGGATGAATCAATAATACACAACACATATTCGCCCATCTAGTCCCTCAAGGAACTCCTGCCGTATTAATACCATTTATAGTATGCATTGAAACAATTAGTAACGTTATTCGACCAGGAACATTAGCTGTACGATTAACTGCTAATATAATTGCAGGACATTTATTACTTACTCTTTTAGGAAATACTGGGCCTTCAATATCTACTATTCTTTTAAGAGTATTAATTGTTACTCAAATCGCTTTATTAGTTTTAGAATCTGCAGTAGCTATAATTCAATCATATGTATTTGCCGTTCTTTCTACCCTTTATT
Buceros bicornis	ATP6	2	0	ATGATCATAAGCTTTTTCGACCAATTTACAAGCCCATGCCTCCTAGGAATCCCCTTAATCCTCTTATCAGTATTATTCCCTGCCCTCCTGCTCCCCGCCCCAAACAATCGGTGAATCACCAATCGCCTGTCCACCCTCCAACTATGACTGCTAGGCCTAATCACAAAGCAACTGATAATCCCATTAAACAAAAAGGGACACAAATGAGCAATCATCCTAACATCACTAATAATGCTCCTACTTACAATCAACCTTCTAGGCCTACTGCCCTACACATTTACCCCAACCACTCAACTATCCATAAATATAGCACTAGCTTTTCCCCTCTGACTCGCTACCCTACTAACAGGCCTACGAAACCAACCTTCAATCTCTCTAGGCCACCTCCTACCTGAAGGTACCCCTACACCCCTCATCCCCGCTCTAATCCTCATCGAAACTACAAGCCTCCTTATCCGCCCACTAGCTCTAGGTGTCCGCCTCACCGCCAACCTTACAGCAGGCCACCTACTTATCCAACTTATCTCCACAGCCACCACCGCCCTCCTCCCAATCATACCAACAATCTCAATCCTAACCGCCATAATTCTATTTCTACTCACCACCCTAGAAGTAGCAGTAGCCATAATCCAAGCTTACGTATTTGTCCTCTTACTAAGCTTGTACTTACAAGAAAACATCTAA
Prosopium cylindraceum	ATP6	2	0	ATGACACTAAGCTTCTTTGACCAATTTATAAGCCCAACATACCTGGGCATCCCACTTATTGCTGTAGCACTAACCTTACCATGAATTCTTTTCCCAACCCCATCTGCCCGATGGTTAAACAACCGCCTTATTACACTACAGGGATGGTTTATTAACCGATTTACTCAACAACTTCTCCTTCCCTTAAACCTAGGAGGACACAAGTGAGCAGTCATATTGACTTCTTTAATATTATTCCTTATCACTCTAAACATGCTGGGCCTCCTTCCGTACACCTTTACTCCAACCACACAGCTCTCACTAAATATGGGTCTTGCAGTTCCACTGTGACTTGCAACAGTGATTATTGGCATGCGAAACCAGCCCACCGCCGCCCTAGGACACCTTTTACCAGAAGGAACCCCTGTTCCGTTAATCCCCGTTCTTATCATTATCGAAACAATTAGCCTCTTTATCCGCCCCCTTGCCCTTGGTGTACGACTTACAGCCAATTTAACGGCAGGCCACCTTCTAATTCAGCTAATCGCAACAGCAGCCTTCGTCCTTCTTCCCTTGATACCAACAGTAGCAATTCTTACTGCTATCGTCCTGTTCTTGCTTACCCTTCTTGAGATCGCCGTTGCTATAATCCAAGCTTACGTCTTCGTCCTCCTTTTAAGCCTTTACCTACAAGAAAACGTCTAA
Gazella erlangeri	ATP6	2	0	ATGAACGAAAATCTATTTACCTCTTTCATTACCCCTATAATTCTAGGCCTTCCCCTCGTTACTCTAATTGTCTTATTCCCTAGCCTATTATTTCCAACATCAAATCGACTAATAAATAACCGTCTTATCTCTCTTCAACAGTGAGTACTTCAACTTGTATCAAAACAAATAATAAGCATCCATAACCCCAAAGGACAAACATGAGCACTTATATTGATATCCTTAATTCTATTTATTGGGTCAACAAACTTACTAGGCCTACTACCCCACTCTTTTACACCAACCACACAACTATCAATAAATTTAGGTATAGCTATCCCCCTATGAGCAGGAGCTGTAATCACGGGCTTCCGCAACAAAACTAAAGCATCACTTGCCCACTTCTTACCACAAGGAACACCCACCCCTCTAATCCCTATACTAGTAATTATCGAAACTATTAGCCTATTTATTCAACCAGTAGCCCTCGCAGTACGATTAACAGCCAATATTACAGCAGGACACCTATTAATTCACCTAATCGGAGGAGCCACATTAGCACTAATAAATATTAGCACTACAACAGCTCTTATTACATTTATTATTTTAGTTTTACTAACAATTCTTGAATTCGCAGTAGCTATAATCCAAGCCTACGTATTTACTCTTCTAGTTAGCCTATACCTACACGATAACACATAA
Papilio helenus	ATP6	5	0	ATGATAAATAATCTATTTTCCATTTTTGACCCAACAACAAATATTTTTAACTTATCATTAAATTGATTTAGAACTCTTATTGGATTACTTTTTATCCCCTATTCTTTTTGAATTATTCCCAATCGTCAATTTATCCTATGAAATTTTATTTTAAATAAACTTCATAATGAATTTAATATATTATTAGGAAATAACAAATTTAATAAAGGATCTACTTTCATTTTTATTTCTTTATTTTCTTATATTTTATTTAATAATTTTTTAGGCTTATTTCCTTATATCTTTACAAGAACTAGTCATCTTACTATTTCCTTATCTATCTCTCTTTCATTATGATTAAGATTTATATTATACGGATGAATTAATAATTATCAACATATATTTATTCATATAATTCCCCAAGGTACTCCTTCTATCTTAATACCTTTTATAGTTTTAATTGAAACAATTAGAAATATTATTCGACCAGGAACTTTAGCAGTTCGATTAACTGCTAATATAATTGCAGGACATTTACTATTAACTTTATTAAGAAGAACTGGTAATAATATATCTTTTTATTTTTTATTTATTTTAATTTTTTTACAAATTTTATTATTAATTCTAGAATCAGCAGTTGCAATTATTCAAGCTTATGTAATTTCTATTTTAAGAACATTATATTCTAGAGAAGTCAATTAA
Dixella aestivalis	ATP6	5	0	ATGATAACAAATTTATTTTCTGTTTTCGACCCATCAACAACAATTTTTAATTTATCTTTAAATTGATTAAGCACTTTTATTGGATTATTATTAATTCCAATATCTTATTGATTTATGCCATCACGATACCAAATTATCTGAAATAATGTTTTATTAACTCTTCATAAAGAATTCAAAAATCTTTTAGGACCTTCTGGACATAACGGAAGTACTTTTATTTTTATTTCTTTATTTTCATTAATTCTTTTCAATAATTTTATTGGGTTATTTCCGTATATTTTCACAAGAACAAGCCATTTAGTATTTACCTTAACACTAGCTTTACCCCTATGAATTAGTTTTATAGTTTATGGTTGAATTAATCATACACAACACATATTTGCTCATTTAGTCCCTCAAGGAACCCCAGCTGTTTTAATGCCTTTTATAGTATGTATTGAAACAATTAGAAATGTAATTCGTCCAGGAACATTAGCTGTTCGATTAACTGCTAATATAATTGCTGGTCATTTACTGCTAACTTTAATAGGAAACACTGGTCCCTCTATATCTTATATACTTGTTTCATTATTAATTGCCGGACAAATTGCTCTTTTAATACTTGAGTCAGCAGTTGCTATTATTCAATCTTATGTATTTGCTGTATTAAGAACTCTTTACTCTAGAGAAGTAAACTAA
Typhlonectes natans	ATP6	2	0	ATGATAACAAGCTTCTTCAACCAATTCATAACTCCAACACTCCTCGGGGTCCCTCTCACCCTAATAGCCGTAGCCTTCCCGCTACTTACCCTCCCCGCCCCCGCCCGTAACTGAGTAAACAATCGACTAGCTACCATCCAGACATGAGCCCTGTTAGCCGCCACAAAACAATTACTGGCACCAATTAGCGCCCACGGACAAAAATGGGCGCTAATCTTGCTCTCCCTGATAATAATATTAATTACAATAAACCTACTAGGACTGTTACCGTATACATTCACCCCAACAGCACAATTATCAATAAACATGGCCCTGGCCGTACCATTATGGCTAGCAACAGTCCTAGTCGGACTGCGAAACCAGCCCACAACATCACTCGGACACCTTCTCCCAGAAGGAACCCCAACCCTGCTAATTCCACCACTGATCGTTATCGAAACTATTAGCCTAGTTATACGCCCACTTGCTCTTGGGGTCCGCCTAACAGCCAACCTAACAGCAGGCCACCTGTTAATTCAGCTTATTTCAACAGCAGTCTTTTCACTACTGACAACCATACCAGCCGTCGCAGTACTTATGACCCTAGTACTTCTCCTCCTCACCCTCCTAGAAATCGCCGTAGCAATAATCCAGGCATACGTGTTCGTACTCCTATTAGCGCTATACCTACAAGAAAACACTTA
Prionailurus rubiginosus	ATP6	2	0	ATGAACGAAAATCTATTCGCCTCTTTCACTACCCCAACAATAATAGGGCTACCCATTGTTATTTTGATTATTATACTCCCAAGTATTCTATTTCCTTCACCCAATCGACTAATTAATAACCGCCTAGTCTCACTGCAACAATGACTAGTACTACTAACATCAAAACAAATACTGGCTATCCATAATCACAAAGGACAAACCTGGGCCCTAATACTAGTATCCCTTATTTTATTTATTGGGTCAACAAATTTACTAGGTTTACTACCCCACTCATTTACTCCAACTACCCAATTATCAATAAATTTAGGAATAGCCATCCCACTATGGGCTGGCACTGTAATCACCGGGTTTCGCCACAAAACTAAAGCATCTCTGGCCCACTTTTTACCACAAGGAACACCTATACCCCTAATCCCTATGCTTGTAGTCATTGAAACTATTAGTCTCTTCATCCAACCCGTAGCCTTAGCCGTACGACTTACAGCTAACATCACTGCAGGTCACTTACTAATACATTTAATTGGAGGAGCCGCTCTGGCCCTAATAAACATCAGTACCTCTATTGCTTTAATTACTTTTACTATCCTTATCCTACTGACAATTCTTGAATTTGCCGTAGCCCTAATTCAAGCCTATGTCTTTACCTTACTAGTAAGCCTCTACCTACATGATAACACTTAA
Marphysa sanguinea	ATP6	5	0	ATGATAATAGATATCTTTTCAACCTTTGACCCCTTCAACTACTACTCCTTCTACAAATTCTCTCCTCTATTCTGAACTATGTCTCTACTTCCCCTAATCCTCCTTTCCTCCAACTACTGAATAACCCCCCCGCCCTCCTTTTGACTACCACAATCAATTCTATCAATAGCATACGACCAAGTAAAACGAACATTCAGAATCCATCTAAAAAGACTGGCCTCAGTACTATGCCCCTTATTCCTCCTAATCATTGTAGTAAACCTCATTGGAATAATCCCATACACACTCAGAGCATCCTCCCACCTCTTATTCTCAGTTACTCTAGCCCTTCCCCTATGATTTTCATTAATCCTTTCTGGATTTATAAGAAAACCAAAAACTGCTACTGCTAACTTCCTCCCAAGGGGAGCCCCAGCCTGATTAGCCCCTGCATTAATCATTATCGAAACCATTAGAGTCATAGTACGACCTATTACATTAAGGGTACGACTAGCTGCCAACATAAGGGCAGGGCATATTGTCCTAGGATTAATGGGAATATACTGTGCTGCAGCCTTTGCTAGCTCCCCTTCATCCATAATCTCTCTTCTCCTAATCCAATCAGGTTATACAATCTTTGAATTTGGAATTTGTTGTATTCAAGCATATATCTTCTTCCTCCTATTAACACTATATGCTGATGAACATCCCCCTCTCAAATAG
