Species	Gene	Code	CDS	Sequence
Allodontermes schultzei	ND3	5	0	ATAATAATAATTACAACCACAGCAACACTAACAATCGCGCTATCAGCAGCCATTATAATACTAACAACACTGATCTCAAAAAAAAATAACGAAGACCGAGAAAAAAGATCCCCATTCGAATGCGGGTTTGATCCAAAAAACTCAGCACGATTACCATTCTCATCACGATTCTTCCTAATCGCCGTAATCTTTATAATCTTTGACGTAGAAATCGCACTACTACTACCAATGCCAATTACCATAATAACATCAAACATAAAATCATGAATAATCATCAGAACCGCATTCCTATTAATCCTAATCGTAGGACTATACCACGAATGGAACCAAGGATCACTTGAATGAAGAAACTAA
Galeopterus variegatus	ND3	2	0	ATTAACCTAACACTAACCCTTTTCATTAACTCAACCCTAGCACTCCTACTTATTACCATTGCCCTATGACTCCCCCAGACATATATCTACGCAGAAAAATCAAGTCCATACGAATGTGGATTTGACCCAGTAGGATCTGCCCGCCTACCCTTCTCCATAAAATTTTTCCTAGTGGCCATCACGTTCCTGCTATTCGACCTAGAAATTACTCTCCTACTCCCACTCCCATGAGCCACTCAAATAGATAACCTCACACTAATACTTATCATTGCACTTATCTTAATCATTACACTAGCACTAAGCCTAGCCTACGAATGATCTCAAAAGGGCCTTGAATGAGCCGAAT
Cuora trifasciata	ND3	2	0	ATGAATCTAATAATTTCAATCATAATAATCTACCTAGCCCTACCTACAATTTTAACATTACTAAACTACTGATTTACACTAACAAAACCAGATAACGAAAAATTATCCCCATATGAATGCGGCTTCGACCCATTAAAAACCACTCGCCCACCATTTTCAATTCGATTTTTCTTAGTAGCAATTTTATTCCTTCTATTTGATTTAGAAATCGCACTACTACTACCTCTGCCATGAGCCATTCAACTCCCATATCCAACCTACACCTTTACCTGAGCCTTCATTATCATAGCATTACTAACCCTGGGCCTCCTTTATGAATGAATTCAGGGGGGCCTAGAATGAGCAGAAT
Camelus ferus	ND3	2	0	ATTAACCTTATACTGGCCTTATTTACAAATACTGCCTTAGCATCCCTTCTTGTACTAATTGCATTCTGACTCCCCCAACTATACATTTATGCAGAAAAGACGGGCCCTTACGAATGTGGCTTCGACCCCATAGGCTCCGCCCGCTTACCCTTTTCCATAAAATTTTTCTTGATTGCCATTACATTCCTCCTATTTGACCTGGAAATTGCCCTCCTCTTGCCCCTACCTTGATCAACCCAAACGAACTACCTATATACCATATTAACCATAGCACTTCTTCTCATTTTACTACTGGCAGCTAGCCTCGCCTACGAATGAACCCAAGGGGGACTAGAATGAACTGAGT
Syngamus trachea	ND3	5	0	ATTTTTGTAATTATTTTTTCTTTATTTATGTTATTAATGCTGTATATTTTGAATTTTATTTTAAGGGTTAAAAAATTGGATTATTTAAAGGTTAGTACTTTTGAAAGGGGGTTTGTAAGGGTTGGAAAAATTCAAAATTCTTTTAGTATTCATTTTTTTATTATAATATTAATGTTTGTGATTTTTGATTTGGAAATTGTGATGTTTTTGGGTTTATTGGTTTCCGATTTTTTGTCTTTTATTAGTTTCTTAATGTTAATAATGTTTGTTTTTGGTGGATATTATATGGAGTGATGGTATGGGAAGTTAATTTGGTTAGTTTAA
Eleotris oxycephala	ND3	2	0	ATGAATTTAATTACCACCGTAATTACCATCGCTGCCATCCTCTCCCTGGTCCTAGCAATCGTCTCTTTCTGGCTCCCGCTAATAAACCCGGACCAAGAAAAATTATCCCCCTACGAATGCGGATTCGACCCCCTCGGATCAGCACGGCTCCCCTTTTCGCTACGATTTTTCCTAGTAGCCATCCTCTTCCTTCTATTCGACCTAGAAATCGCACTTCTACTTCCCCTGCCCTGAGGGGACCAGCTCCCCGCCCCAACCCTAACATTTTTCTGAGCAGCCTTAGTACTACTCCTACTAACCCTCGGCCTAATTTACGAATGAGCCCAAGGAGGCCTAGAATGAGCTGAAT
Lutjanus argentimaculatus	ND3	2	0	ATGAACTTAGTCACGACAATTATTGTCATTGCTATCGCACTCTCTACAGTCCTAGCCATTGTCTCTTTCTGACTACCCCAAATAACACCCGACCACGAAAAACTCTCCCCCTATGAGTGCGGCTTTGACCCACTTGGCTCTGCCCGCCTTCCTTTTTCCCTACGATTTTTTCTCGTTGCAATCCTCTTCCTCCTTTTTGACCTAGAAATCGCCCTTCTCCTCCCCCTCCCATGAGGTGACCAACTTTCTTCCCCCCTACTAACCTTCTTTTGAGCCTCGGCTGTCTTGATCCTTCTCACCTTGGGTCTAATCTACGAGTGACTTCAAGGGGGCCTCGAATGGGCCGAAT
Abbottina obtusirostris	ND3	2	0	ATGAATTTAATCACAACCATTCTTATTATTACAATAGCCCTCTCCTCAATTCTAGCAATCGTATCATTTTGACTCCCCCAGATAAACCCCGACGCAGAAAAACTGTCCCCTTATGAGTGCGGATTTGACCCGCTGGGATCCGCCCGACTACCATTTTCCTTGCGATTCTTCCTAGTCGCTATTCTGTTTCTACTATTTGATCTAGAAATTGCCCTTCTTCTCCCCCTCCCCTGAGGGGACCAACTTCATAACCCCGCAGGAACATTCTTTTGAGCAACTACAGTTCTTATCCTTCTAACCCTAGGATTAATTTATGAATGAACTCAAGGGGGCCTAGAATGAGCAGAAT
Eristalis cerealis	ND3	5	0	ATTTTTTCTATTACTTTAATATCAACAATTATTATTTTATTATCAATTGTAGTAATAATACTTGCTACCATTTTATCAAAAAAAAGATATGCTGACCGAGAAAAAAGTTCTCCATTTGAATGTGGCTTTGATCCTATATCTTCTTCTCGTATACCTTTTTCTCTTAAATTTTTTTTAATTACAATTATTTTTTTAATTTTTGATGTAGAAATTGCATTAATTTTACCAATAATTTTAATTATAAATTTTTCAAATTTATTAATATGAACCATTACTTCCATTATTTTCATTATTATTTTACTTTTAGGTTTATATCATGAATGAAATCAAGGAATATTAAATTGATCAAATTAG
Cynoglossus semilaevis	ND3	2	0	ATAATTAATTTACTCACCACTATAATCACCATCACCATTGCACTGTCAGTTGTCCTTATACTAATCTCACACCTCCTGCCTGATATATCACCCGACTTCCAGAAATTATCCCCCTATGAATGCGGCTTTGATCCCATATGCTCTGCACGACTCCCCTTCTCCCTACACTTTTTTTTAGTCGCAATTCTATTTCTGCTTTTCGACCTAGAAATTGCCTTATTATTTCCCCTCCCCTGAGCAGATCAGCTCCCCTCAGCAACAACCCCCTACATCTACACCCTATTTCTCATCATCCTCCTTGGAGGTGGCTTAATATATGAATGACTCCAAGGGGGACTTGACTGGGCAAAAT
