	OrganismName	GenName	ProteinID	Strand	TranslatedAminoAcids	GenBankAminoAcids
0	Meleonoma mirabilis	ND2	YP_010177757.1	1.0	INFSFNSNKMFFLFILFFSTLISISANSWFGCWIGLEINLLSFIPLISNSNNLLTSEASLKYFLTQSIASINFLFSILLKLILMKNFEMNNFLSIMINSSLLMKMGSVPFHFWFPNIIEGLSWFNCFILMTWQKITPMILLSYYFNKTFLIIIMSFNTIIGAIGGLNQTSLRKLLAFSSINNLGWMLSTILISENLWMFYLFMYSFLTGLMCFLFKMLNIYFINQLFILNFNSMMKIFLMINFLSLGGLPPFIGFFPKWLVINFLLNNNFFIITFIFIMMSLIMLFFYIRIIYSSFMFNYLNLKWFKIFIKNNIFYSINFFSLISFAGMIFSTFFFF	MNFSFNSNKMFFLFILFFSTLISISANSWFGCWIGLEINLLSFIPLISNSNNLLTSEASLKYFLTQSIASINFLFSILLKLILMKNFEMNNFLSIMINSSLLMKMGSVPFHFWFPNIIEGLSWFNCFILMTWQKITPMILLSYYFNKTFLIIIMSFNTIIGAIGGLNQTSLRKLLAFSSINNLGWMLSTILISENLWMFYLFMYSFLTGLMCFLFKMLNIYFINQLFILNFNSMMKIFLMINFLSLGGLPPFIGFFPKWLVINFLLNNNFFIITFIFIMMSLIMLFFYIRIIYSSFMFNYLNLKWFKIFIKNNIFYSINFFSLISFAGMIFSTFFFF
1	Meleonoma mirabilis	COX1	YP_010177758.1	1.0	RKWLYSTNHKDIGTLYFIFGIWAGMVGTSLSLLIRAELGNPGSLIGDDQIYNTIVTAHAFIMIFFMVMPIMIGGFGNWLVPLMLGAPDMAFPRMNNMSFWLLPPSLTLLVSSSIVENGAGTGWTVYPPLSSNIAHGGSSVDLAIFSLHLAGISSILGAINFITTIINMRLNNMSFDQMPLFVWAVGITALLLLLSLPVLAGAITMLLTDRNLNTSFFDPAGGGDPILYQHLFWFFGHPEVYILILPGFGMISHIISQESGKKETFGCLGMIYAMMAIGLLGFVVWAHHMFTVGMDIDTRAYFTSATMIIAVPTGIKIFSWLATLHGTQINYSPSMLWSLGFVFLFTVGGLTGVILANSSIDVALHDTYYVVAHFHYVLSMGAVFAIMGGFIHWYPLFTGLTLNPYLLKIQFFTMFIGVNLTFFPQHFLGLAGMPRRYSDYPDSYISWNMISSLGSYISFLAVLFMLIIIWESMINQRIILFSYNMPSSIEWYQNFPPAEHSYNELPILSN	RKWLYSTNHKDIGTLYFIFGIWAGMVGTSLSLLIRAELGNPGSLIGDDQIYNTIVTAHAFIMIFFMVMPIMIGGFGNWLVPLMLGAPDMAFPRMNNMSFWLLPPSLTLLVSSSIVENGAGTGWTVYPPLSSNIAHGGSSVDLAIFSLHLAGISSILGAINFITTIINMRLNNMSFDQMPLFVWAVGITALLLLLSLPVLAGAITMLLTDRNLNTSFFDPAGGGDPILYQHLFWFFGHPEVYILILPGFGMISHIISQESGKKETFGCLGMIYAMMAIGLLGFVVWAHHMFTVGMDIDTRAYFTSATMIIAVPTGIKIFSWLATLHGTQINYSPSMLWSLGFVFLFTVGGLTGVILANSSIDVALHDTYYVVAHFHYVLSMGAVFAIMGGFIHWYPLFTGLTLNPYLLKIQFFTMFIGVNLTFFPQHFLGLAGMPRRYSDYPDSYISWNMISSLGSYISFLAVLFMLIIIWESMINQRIILFSYNMPSSIEWYQNFPPAEHSYNELPILSN
2	Meleonoma mirabilis	COX2	YP_010177759.1	1.0	MATWSNLNFQNGASPLMEQIIFFHDHTLMILLMITTLVGYIMINLFFNKFINRFLLEGQMIELIWTILPAITLIFIALPSLRLLYLLDELNNPLITLKSIGHQWYWSYEYSDFHNIEFNSYMIPSNELTPNNFRLLDVDNRIILPMNNQIRIMVTATDVIHSWTIPSLGVKVDANPGRLNQTSFYINRPGIFFGQCSEICGANHSFMPIVIESIYIKNFINWINNYS	MATWSNLNFQNGASPLMEQIIFFHDHTLMILLMITTLVGYIMINLFFNKFINRFLLEGQMIELIWTILPAITLIFIALPSLRLLYLLDELNNPLITLKSIGHQWYWSYEYSDFHNIEFNSYMIPSNELTPNNFRLLDVDNRIILPMNNQIRIMVTATDVIHSWTIPSLGVKVDANPGRLNQTSFYINRPGIFFGQCSEICGANHSFMPIVIESIYIKNFINWINNYS
3	Meleonoma mirabilis	ATP8	YP_010177760.1	1.0	IPQMMPINWLISFMFFICIFIIFNIMNYYIYSIKLKNTSNFKNNQIKNNMIWKW	MPQMMPINWLISFMFFICIFIIFNIMNYYIYSIKLKNTSNFKNNQIKNNMIWKW
4	Meleonoma mirabilis	ATP6	YP_010177761.1	1.0	MMNNLFSIFDPTTNLFNLPFNWLSTFLGLMFIPFSFWLIPNRHFMFWNFILKNLHNEFKTLLGVNSFNGSTFIFISLFTFILFNNFLGLFPYIFTSTSHLTLSLSISLPLWLSFMFYGWINNSQHMFAHMIPQGTPNILMPFMVLIETISNIIRPGTLAVRLTANMIAGHLLMTLLSGTGPNFPSYLIFILIIIQILLLILESAVAVIQSYVIAILSTLYSSEVN	MMNNLFSIFDPTTNLFNLPFNWLSTFLGLMFIPFSFWLIPNRHFMFWNFILKNLHNEFKTLLGVNSFNGSTFIFISLFTFILFNNFLGLFPYIFTSTSHLTLSLSISLPLWLSFMFYGWINNSQHMFAHMIPQGTPNILMPFMVLIETISNIIRPGTLAVRLTANMIAGHLLMTLLSGTGPNFPSYLIFILIIIQILLLILESAVAVIQSYVIAILSTLYSSEVN
5	Meleonoma mirabilis	COX3	YP_010177762.1	1.0	MTSHSNHPYHLVDYSPWPLTGAIGVLTLVTGMIKWFHNFNMNLLILGYIITILTMYQWWRDICREGTLQGKHTILVSKGLRWGMILFIVSEVFFFLSFFWAFFHSSLSPNIEIGAMWPPLSIIPFNPFQIPLLNTIILITSGVTVTWAHHALMENNFSQMTQSLFITILLGIYFTILQAYEYIEAPFTIADSIYGSTFFMATGFHGLHVIIGTIFLFICFIRHLNNHFSNNHHFGFEAAAWYWHFVDVVWLFLYISIYWWGN	MTSHSNHPYHLVDYSPWPLTGAIGVLTLVTGMIKWFHNFNMNLLILGYIITILTMYQWWRDICREGTLQGKHTILVSKGLRWGMILFIVSEVFFFLSFFWAFFHSSLSPNIEIGAMWPPLSIIPFNPFQIPLLNTIILITSGVTVTWAHHALMENNFSQMTQSLFITILLGIYFTILQAYEYIEAPFTIADSIYGSTFFMATGFHGLHVIIGTIFLFICFIRHLNNHFSNNHHFGFEAAAWYWHFVDVVWLFLYISIYWWGN
6	Meleonoma mirabilis	ND3	YP_010177763.1	1.0	IILIIFLSFIILIISNIMMFLSIILSKKSFMDREKCSPFECGFDPKSSARIPFSLHFFLITVIFLIFDVEIALIFPMITSFKMTNFFIWSKTSFFFMMILLIGLYHEWNQNMLNWTN	MILIIFLSFIILIISNIMMFLSIILSKKSFMDREKCSPFECGFDPKSSARIPFSLHFFLITVIFLIFDVEIALIFPMITSFKMTNFFIWSKTSFFFMMILLIGLYHEWNQNMLNWTN
7	Meleonoma mirabilis	ND6	YP_010177767.1	1.0	ILKMFLSFFLMLISFFMFFLNHPLSMGLMILLQTLLTCLLSGMLMKTYWFSYILFLTFLGGLLVLFIYVSSIASNEMFKIPLKMFLLMYMFSISIIITSMISFNNLKWMNMNFNSDMSIFSDNFLFLNNENKINLIKLYNNHTFLLMILLIIYLFITLVAIVKITNIFYGPLRSSN	MLKMFLSFFLMLISFFMFFLNHPLSMGLMILLQTLLTCLLSGMLMKTYWFSYILFLTFLGGLLVLFIYVSSIASNEMFKIPLKMFLLMYMFSISIIITSMISFNNLKWMNMNFNSDMSIFSDNFLFLNNENKINLIKLYNNHTFLLMILLIIYLFITLVAIVKITNIFYGPLRSSN
8	Meleonoma mirabilis	CYTB	YP_010177768.1	1.0	MMNSFKPIRKTHPIIKIINGSLIDLPTPSNISSWWNFGSLLALCLMIQILTGLFLTMYYTANIELAFYSVDYICRNVNYGWLIRTLHANGASFFFICIYLHIGRGIYYESFNLKYTWMVGVIILFLLMATAFMGYVLPWGQMSFWGATVITNLLSAIPYLGTMLVNWIWGGFAVDNATLTRFYTFHFLLPFVIAMMTMIHLLFLHQTGSNNPLGINSNLDKIPFHPFFTFKDLIGFVILLFSLIFLTLTNPYLLGDPDNFIPANPLVTPVHIQPEWYFLFAYAILRSIPNKLGGVIALVMSILILIILPLTFNKKIQGIQFYPINQILFWIMVITIILLTWIGARPVESPYIITGQILTVIYFSYFIINPIMNKMWDNLIFN	MMNSFKPIRKTHPIIKIINGSLIDLPTPSNISSWWNFGSLLALCLMIQILTGLFLTMYYTANIELAFYSVDYICRNVNYGWLIRTLHANGASFFFICIYLHIGRGIYYESFNLKYTWMVGVIILFLLMATAFMGYVLPWGQMSFWGATVITNLLSAIPYLGTMLVNWIWGGFAVDNATLTRFYTFHFLLPFVIAMMTMIHLLFLHQTGSNNPLGINSNLDKIPFHPFFTFKDLIGFVILLFSLIFLTLTNPYLLGDPDNFIPANPLVTPVHIQPEWYFLFAYAILRSIPNKLGGVIALVMSILILIILPLTFNKKIQGIQFYPINQILFWIMVITIILLTWIGARPVESPYIITGQILTVIYFSYFIINPIMNKMWDNLIFN
