	OrganismName	GenName	ProteinID	Strand	TranslatedAminoAcids	GenBankAminoAcids
0	Chelonoidis abingdonii	ND1	YP_009944883.1	1.0	MKTLLSNLMPPLMYVIPILIAVAFFTLIERKVLGYMQLRKGPNIVGPYGLLQPVADGVKLFIKEPIYPLNSSITLFTMSPILALLLALSIWLPFPIPFPLADLNLGILFLISISSLMVYSILWSGWASNSKYALMGALRAVAQTISYEVTLGIILLSLVLFSGGFNMQTFMVTQEPMYLMFSSWPLMMMWYISTLAETNRAPFDLTEGESELVSGFNVEYAAGPFALFFLAEYSNILMMNTLTAILFLNPAHTNNIPELFSMSLTSKTMLLSMGFLWIRASYPRFRYDQLMHLLWKNFLPITLALCLWHISMPTALSGLPPMP	MKTLLSNLMPPLMYVIPILIAVAFFTLIERKVLGYMQLRKGPNIVGPYGLLQPVADGVKLFIKEPIYPLNSSITLFTMSPILALLLALSIWLPFPIPFPLADLNLGILFLISISSLMVYSILWSGWASNSKYALMGALRAVAQTISYEVTLGIILLSLVLFSGGFNMQTFMVTQEPMYLMFSSWPLMMMWYISTLAETNRAPFDLTEGESELVSGFNVEYAAGPFALFFLAEYSNILMMNTLTAILFLNPAHTNNIPELFSMSLTSKTMLLSMGFLWIRASYPRFRYDQLMHLLWKNFLPITLALCLWHISMPTALSGLPPMP
1	Chelonoidis abingdonii	ND2	YP_009944884.1	1.0	MNPYANTIITTSLIMGPLLTISSNHWILAWTGLEISTLAIIPLIAKQHHPRAIEAAIKYFLTQATASTLILFSSIINAWTLGQWSITQMSNNISCTILTTALAIKLGLAPFHFWLPEVLQGTTTTTALILTTWQKLAPLSLLMMTAQSMNTPLMLTLGLTSTIIGGWNGLNQTQLRKIMAFSSIAHLGWMITILTLSPKLTLLTFYTYIAMTSTMFLMIKLLETNKISVMMTSWTKLPTLNTMMMLTLMSLAGLPPLTGFMPKWLIIQELTKQHMLIIATMMALLSLLSLFFYLRISYYTTITLPPNSTNYLQQWRHKINQKHYLALMTTLSISLLPITPTLLTAI	MNPYANTIITTSLIMGPLLTISSNHWILAWTGLEISTLAIIPLIAKQHHPRAIEAAIKYFLTQATASTLILFSSIINAWTLGQWSITQMSNNISCTILTTALAIKLGLAPFHFWLPEVLQGTTTTTALILTTWQKLAPLSLLMMTAQSMNTPLMLTLGLTSTIIGGWNGLNQTQLRKIMAFSSIAHLGWMITILTLSPKLTLLTFYTYIAMTSTMFLMIKLLETNKISVMMTSWTKLPTLNTMMMLTLMSLAGLPPLTGFMPKWLIIQELTKQHMLIIATMMALLSLLSLFFYLRISYYTTITLPPNSTNYLQQWRHKINQKHYLALMTTLSISLLPITPTLLTAI
2	Chelonoidis abingdonii	COX1	YP_009944885.1	1.0	VFLTRWFFSTNHKDIGTLYLIFGAWAGMVGTALSLLIRAELSQPGTLLGDDQIYNVIVTAHAFVMIFFMVMPIMIGGFGNWLVPLMIGAPDMAFPRMNNMSFWLLPPSLLLLLASSGIEAGAGTGWTVYPPLAGNMAHAGASVDLTIFSLHLAGVSSILGAINFITTAINMKSPAMSQYQTPLFVWSVLITAVLLLLSLPVLAAGITMLLTDRNLNTTFFDPSGGGDPILYQHLFWFFGHPEVYILILPGFGMISHVVTYYAGKKEPFGYMGMVWAMMSIGFLGFIVWAHHMFTVGMDVDTRAYFTSATMIIAIPTGVKVFSWLATLHGGMIKWDAAMLWALGFIFLFTIGGLTGIVLANSSLDIVLHDTYYVVAHFHYVLSMGAVFAIMAGFTHWFPLFTGYSLHQTWTKVHFGVMFAGVNMTFFPQHFLGLAGMPRRYSDYPDAYTLWNSISSIGSLISLVAVIMMMFIIWEAFSSKRKVMTVELTPTNVEWLHGCPPPYHTYEEPAHVQTQE	MFLTRWFFSTNHKDIGTLYLIFGAWAGMVGTALSLLIRAELSQPGTLLGDDQIYNVIVTAHAFVMIFFMVMPIMIGGFGNWLVPLMIGAPDMAFPRMNNMSFWLLPPSLLLLLASSGIEAGAGTGWTVYPPLAGNMAHAGASVDLTIFSLHLAGVSSILGAINFITTAINMKSPAMSQYQTPLFVWSVLITAVLLLLSLPVLAAGITMLLTDRNLNTTFFDPSGGGDPILYQHLFWFFGHPEVYILILPGFGMISHVVTYYAGKKEPFGYMGMVWAMMSIGFLGFIVWAHHMFTVGMDVDTRAYFTSATMIIAIPTGVKVFSWLATLHGGMIKWDAAMLWALGFIFLFTIGGLTGIVLANSSLDIVLHDTYYVVAHFHYVLSMGAVFAIMAGFTHWFPLFTGYSLHQTWTKVHFGVMFAGVNMTFFPQHFLGLAGMPRRYSDYPDAYTLWNSISSIGSLISLVAVIMMMFIIWEAFSSKRKVMTVELTPTNVEWLHGCPPPYHTYEEPAHVQTQE
3	Chelonoidis abingdonii	COX2	YP_009944886.1	1.0	MAHPFQLGFQDAMSPIMEELLHFHDHTLMIVFLISTLVLYIITLMMTTKLTYTNTMNAQEVEMIWTILPAIVLITIALPSLRVLYLMDEISNPHLTIKAMGHQWYWTYEYTDYENLEFDSYMIPTQDLPNGHFRLLEVDHRMVMPMESPIRMLISAEDVLHSWAVPSLGVKADAVPGRLNQSTFIITRPGVFYGQCSEICGANHSFMPIVVESVPLKHFENWSSLMLS	MAHPFQLGFQDAMSPIMEELLHFHDHTLMIVFLISTLVLYIITLMMTTKLTYTNTMNAQEVEMIWTILPAIVLITIALPSLRVLYLMDEISNPHLTIKAMGHQWYWTYEYTDYENLEFDSYMIPTQDLPNGHFRLLEVDHRMVMPMESPIRMLISAEDVLHSWAVPSLGVKADAVPGRLNQSTFIITRPGVFYGQCSEICGANHSFMPIVVESVPLKHFENWSSLMLS
4	Chelonoidis abingdonii	ATP8	YP_009944887.1	1.0	MPQLNPDPWLLVLSSTWLTYIIILQPKISSYLPMNTPNKNHKIANMNPWTWPWT	MPQLNPDPWLLVLSSTWLTYIIILQPKISSYLPMNTPNKNHKIANMNPWTWPWT
5	Chelonoidis abingdonii	ATP6	YP_009944888.1	1.0	MNLTFFDQFMSPQTLGIPLIILALLAPSLMLPTQNNRWLTNRLSTLQLWAINLFTKQLMMPINKTGHKWSITLTSLMAMLLMINLLGLLPYTFTPTTQLSMNMGLAIPMWMATVLTGLRNQPTTSLGHLLPEGTPTPLIPILIMIETISLFIRPLALGVRLTANLTAGHLLIQLTSTAVLALLSMTMTLSILTMTILFLLTILELAVAMIQAYVFVLLLSLYLQENI	MNLTFFDQFMSPQTLGIPLIILALLAPSLMLPTQNNRWLTNRLSTLQLWAINLFTKQLMMPINKTGHKWSITLTSLMAMLLMINLLGLLPYTFTPTTQLSMNMGLAIPMWMATVLTGLRNQPTTSLGHLLPEGTPTPLIPILIMIETISLFIRPLALGVRLTANLTAGHLLIQLTSTAVLALLSMTMTLSILTMTILFLLTILELAVAMIQAYVFVLLLSLYLQENI
6	Chelonoidis abingdonii	COX3	YP_009944889.1	1.0	MAHQTHAYHMVDPSPWPLTGAAAALLMTSGLAMWFHYNSTLLMTLGLSIMLLTMFQWWRDIVREGTFQGHHTPPVQKGLRYGMILFITSEVFFFIGFFWAFYHSSLAPTPELGGCWPPTGITPLNPFEVPLLNTAVLLASGVTITWAHHSLMEANRNQTIQALSLTILLGLYFTMLQAMEYYEAPFTIADGVYGSTFFVATGFHGLHVIIGSTFLVVCLLRQIKYHFTSTHHFGFEAAAWYWHFVDVVWLFLYVSIYWWGS	MAHQTHAYHMVDPSPWPLTGAAAALLMTSGLAMWFHYNSTLLMTLGLSIMLLTMFQWWRDIVREGTFQGHHTPPVQKGLRYGMILFITSEVFFFIGFFWAFYHSSLAPTPELGGCWPPTGITPLNPFEVPLLNTAVLLASGVTITWAHHSLMEANRNQTIQALSLTILLGLYFTMLQAMEYYEAPFTIADGVYGSTFFVATGFHGLHVIIGSTFLVVCLLRQIKYHFTSTHHFGFEAAAWYWHFVDVVWLFLYVSIYWWGS
7	Chelonoidis abingdonii	ND3	YP_009944890.1	1.0	MNTTISIMIISLTLSTILMMLNYWLTLMKPDNEKLSPYECGFDPLESARLPFSIRFFLVAILFLLFDLEIALLLPLPWAMQLPHPTYSFTWALIILSLLTLGLVYEWIQGGLEWAE	MNTTISIMIISLTLSTILMMLNYWLTLMKPDNEKLSPYECGFDPLESARLPFSIRFFLVAILFLLFDLEIALLLPLPWAMQLPHPTYSFTWALIILSLLTLGLVYEWIQGGLEWAE
8	Chelonoidis abingdonii	ND4L	YP_009944891.1	1.0	MTPTHFSCYSAFIISITGLSLHRTHLVSTLLCLEGMMLSLFITLSMWPIQLQISSFMLTPMLMLSFSACEAGMGLSLLVASSRTHGSDRLQNLNLLQC	MTPTHFSCYSAFIISITGLSLHRTHLVSTLLCLEGMMLSLFITLSMWPIQLQISSFMLTPMLMLSFSACEAGMGLSLLVASSRTHGSDRLQNLNLLQC
9	Chelonoidis abingdonii	ND4	YP_009944892.1	1.0	MLKIIIPTILLLPTTMLCKPKQLWPTTLTYSFGIALLSLQWSKPTMELTTFSNYYLGVDRISAPLLILSCWLTPLMILASQNHLTMEPTSRKRTFIIAIISLQISLISAFSATELIMFFIAFETTLIPTLVIITRWGNQVERLNAGTYFLFYTLIGSLPLLVALSFMQTQNGTLSTYTMQLNQPTMMNSWSHSMWWFALLIAFMIKMPLYGLHLWLPKAHVEAPIAGSMILAAVLLKLGGYGIIRITMTLDPLSKTLSYPFMVMALWGVIMTSSICLRQTDLKSLIAYSSVSHMGLVIAATLTQTQWSYTGSITLMIAHGLTSSMLFCLANTNYERTHSRTLLLTRNMQLALPLMGLWWLLASLTNMALPPTINLMGELTIIISLFNWSNITILMTGLGTLITAIYTLYMLTTTQWGETPSHLKSIPPTHTREHLLMALHILPMALLTTKPELIWGTFY	MLKIIIPTILLLPTTMLCKPKQLWPTTLTYSFGIALLSLQWSKPTMELTTFSNYYLGVDRISAPLLILSCWLTPLMILASQNHLTMEPTSRKRTFIIAIISLQISLISAFSATELIMFFIAFETTLIPTLVIITRWGNQVERLNAGTYFLFYTLIGSLPLLVALSFMQTQNGTLSTYTMQLNQPTMMNSWSHSMWWFALLIAFMIKMPLYGLHLWLPKAHVEAPIAGSMILAAVLLKLGGYGIIRITMTLDPLSKTLSYPFMVMALWGVIMTSSICLRQTDLKSLIAYSSVSHMGLVIAATLTQTQWSYTGSITLMIAHGLTSSMLFCLANTNYERTHSRTLLLTRNMQLALPLMGLWWLLASLTNMALPPTINLMGELTIIISLFNWSNITILMTGLGTLITAIYTLYMLTTTQWGETPSHLKSIPPTHTREHLLMALHILPMALLTTKPELIWGTFY
10	Chelonoidis abingdonii	ND5	YP_009944893.1	1.0	MTLLMNSTLLLTLLILTLPLMTPMYPTMKTKTAVKMAFFTALLPLTTFIYLNIESIITNLNWSHTSTFNINMSFKFDQYSMMFVPIALYVTWSILEFTHWYMATDPHITKFFKYLLIFLVAMMILVTANNMFQFFIGWEGVGIMSFLLIGWWRGRTEANSSALQAIIYNRTGDIGLILSMSWLAMNTNTWELQQMFSTTPSTPLLPLLGLILAATGKSAQFGLHPWLPAAMEGPTPVSALLHSSTMVVAGIFLLIRMHPILTTNNSALSICLCLGAITTLFTAFCALTQNDIKKIIAFSTSSQLGLMMVTIGLNQPQLAFLHISMHAFFKAMLFLCSGSIIHNLNNEQDIRKMGGLHKSLPITSSCLTIGSMALMGMPFMTGFYSKDIIIETMNTSYLNAWALLLTLTATSFTAIYSLRITTFVQTGSPQYRPTTLLNENNPKIINPITRLAAGSIVAGLIISLNTTPLKTQPTTMPTYIKIAALTMTILGLLLALELTTMTNKMTPKPSNIHNLSNLLIHFNTLTHRSLPMASLKFSQNIATHLTDLSWYENIGPKGLIKSQITPITLISSSQKGLIKVYMTSFILSIMLLVAATMP	MTLLMNSTLLLTLLILTLPLMTPMYPTMKTKTAVKMAFFTALLPLTTFIYLNIESIITNLNWSHTSTFNINMSFKFDQYSMMFVPIALYVTWSILEFTHWYMATDPHITKFFKYLLIFLVAMMILVTANNMFQFFIGWEGVGIMSFLLIGWWRGRTEANSSALQAIIYNRTGDIGLILSMSWLAMNTNTWELQQMFSTTPSTPLLPLLGLILAATGKSAQFGLHPWLPAAMEGPTPVSALLHSSTMVVAGIFLLIRMHPILTTNNSALSICLCLGAITTLFTAFCALTQNDIKKIIAFSTSSQLGLMMVTIGLNQPQLAFLHISMHAFFKAMLFLCSGSIIHNLNNEQDIRKMGGLHKSLPITSSCLTIGSMALMGMPFMTGFYSKDIIIETMNTSYLNAWALLLTLTATSFTAIYSLRITTFVQTGSPQYRPTTLLNENNPKIINPITRLAAGSIVAGLIISLNTTPLKTQPTTMPTYIKIAALTMTILGLLLALELTTMTNKMTPKPSNIHNLSNLLIHFNTLTHRSLPMASLKFSQNIATHLTDLSWYENIGPKGLIKSQITPITLISSSQKGLIKVYMTSFILSIMLLVAATMP
11	Chelonoidis abingdonii	CYTB	YP_009944895.1	1.0	MATNLRKTHPMIKIINNSFIDLPSPSNISAWWNFGSLLGICLILQIITGIFLAMHYSPNISLAFSSVAHITRDVQYGWLIRNMHANGASIFFMCIYLHIGRGLYYGSYLYKETWNTGILLLLLVMATAFVGYVLPWGQMSFWGATVITNLLSAIPYIGNTLVQWIWGGFSVDNATLTRFFTFHFLLPFTIIGLVIVHLLFLHETGSNNPTGLNSNADKIPFHPYFSYKDLLGLILMLTLLLTLTLFSPNLLGDPDNFTPANPLSTPPHIKPEWYFLFAYAILRSIPNKLGGVLALLSSILVLFLMPALHTSKQRSAMFRPLNQILLWSLAADLLTLTWIGGQPVEDPFIIIGQTASILYFTILLILMPVTGMIENKMLNLK	MATNLRKTHPMIKIINNSFIDLPSPSNISAWWNFGSLLGICLILQIITGIFLAMHYSPNISLAFSSVAHITRDVQYGWLIRNMHANGASIFFMCIYLHIGRGLYYGSYLYKETWNTGILLLLLVMATAFVGYVLPWGQMSFWGATVITNLLSAIPYIGNTLVQWIWGGFSVDNATLTRFFTFHFLLPFTIIGLVIVHLLFLHETGSNNPTGLNSNADKIPFHPYFSYKDLLGLILMLTLLLTLTLFSPNLLGDPDNFTPANPLSTPPHIKPEWYFLFAYAILRSIPNKLGGVLALLSSILVLFLMPALHTSKQRSAMFRPLNQILLWSLAADLLTLTWIGGQPVEDPFIIIGQTASILYFTILLILMPVTGMIENKMLNLK
