	OrganismName	GenName	ProteinID	Strand	TranslatedAminoAcids	GenBankAminoAcids
0	Neilupotamon xinganense	COX2	YP_009863727.1	1.0	MATWMYLYFQDSASPLMEQLIFFHDHIMLILILIITFTGYLLFALFFNSLINRNMLENQTIEMIWTTIPAIILIFIALPSLRLLYLLDEVNYPSLTLKTIGHQWYWSYEYSDFLQLEFDSYMVPLEMTSSNFRLLDVDNRTILPMNTQVRVLITAADVIHSWTIPSLGVKADAVPGRLNQVSFLINRPGLFLGQCSEICGANHSFMPIMIESISINSFLNWVSSSINH	MATWMYLYFQDSASPLMEQLIFFHDHIMLILILIITFTGYLLFALFFNSLINRNMLENQTIEMIWTTIPAIILIFIALPSLRLLYLLDEVNYPSLTLKTIGHQWYWSYEYSDFLQLEFDSYMVPLEMTSSNFRLLDVDNRTILPMNTQVRVLITAADVIHSWTIPSLGVKADAVPGRLNQVSFLINRPGLFLGQCSEICGANHSFMPIMIESISINSFLNWVSSSINH
1	Neilupotamon xinganense	ATP8	YP_009863728.1	1.0	MPQMAPLFWLSLLMFFLFSLMLFFTLNYFIKPYKAFSSLPLIYSLPPYLWKL	MPQMAPLFWLSLLMFFLFSLMLFFTLNYFIKPYKAFSSLPLIYSLPPYLWKL
2	Neilupotamon xinganense	ATP6	YP_009863729.1	1.0	MSNLFSIFEPSSSIFSISTNWLSTLLGLMFLPFIYWASPSRWSLLWSKIIQTLHNEFKTLLDSSHIGVSMLFLSTFTLIIFNNFLGLLPYVFTSSSHLVMTLSLSLPLWVTLMIFGWVSHTKHMFAHLVPQGTPPMLMPFMVLIETISNIIRPGTLAVRLAANMIAGHLLLTLLGNTGPSLSLSILFILIVSQIFLLILESAVAIIQSYVFAILSTLYTSEIN	MSNLFSIFEPSSSIFSISTNWLSTLLGLMFLPFIYWASPSRWSLLWSKIIQTLHNEFKTLLDSSHIGVSMLFLSTFTLIIFNNFLGLLPYVFTSSSHLVMTLSLSLPLWVTLMIFGWVSHTKHMFAHLVPQGTPPMLMPFMVLIETISNIIRPGTLAVRLAANMIAGHLLLTLLGNTGPSLSLSILFILIVSQIFLLILESAVAIIQSYVFAILSTLYTSEIN
3	Neilupotamon xinganense	COX3	YP_009863730.1	1.0	MSSLSHSHHPYHLVDISPWPLTGSISAMMLTTGLVKWFHQYNTNLLLLSFLAIILTMIQWWRDVTRESTYQGLHTSMVMVGLRWGMILFILSEVLFFFSFFWAFFHSSLSPSIEMGLYWPPLGIQPFNPFQIPLLNTTILLSSGATVTWAHHAIMEANYTQATQSLALTVVLGIYFTSLQAYEYMEAAFSIADSAFGSTFFVATGFHGLHVIIGTSFLSICFFRLSNCHFSSNHHLGFEAAAWYWHFVDVVWLFLYIFIYWWGS	MSSLSHSHHPYHLVDISPWPLTGSISAMMLTTGLVKWFHQYNTNLLLLSFLAIILTMIQWWRDVTRESTYQGLHTSMVMVGLRWGMILFILSEVLFFFSFFWAFFHSSLSPSIEMGLYWPPLGIQPFNPFQIPLLNTTILLSSGATVTWAHHAIMEANYTQATQSLALTVVLGIYFTSLQAYEYMEAAFSIADSAFGSTFFVATGFHGLHVIIGTSFLSICFFRLSNCHFSSNHHLGFEAAAWYWHFVDVVWLFLYIFIYWWGS
4	Neilupotamon xinganense	ND3	YP_009863731.1	1.0	MLLISTFTLLISSIIMILTSTLAKKTISDREKNSPYECGFDPSSSSRLPFSLRFFLIAVIFLIFDVEITLLLPITSTINLSNVYSWLSVTVFFLLGLLLGLYYEWYQGALEWSK	MLLISTFTLLISSIIMILTSTLAKKTISDREKNSPYECGFDPSSSSRLPFSLRFFLIAVIFLIFDVEITLLLPITSTINLSNVYSWLSVTVFFLLGLLLGLYYEWYQGALEWSK
5	Neilupotamon xinganense	ND6	YP_009863735.1	1.0	MYMIPMIIISSLLFTRMIHPLAMGLNLLIQTILISISAGLTTYSFWFSYTLFLIFLGGMLVLFIYVASLASNEFFFLPVVSFPFILTSVMIIMVFFFLDPTPFTPLSSLPNSSINAYSSTAYTTSWIFNTPSLYFTIFIISYLLLTLLVVVKIINLFKGPLRSIN	MYMIPMIIISSLLFTRMIHPLAMGLNLLIQTILISISAGLTTYSFWFSYTLFLIFLGGMLVLFIYVASLASNEFFFLPVVSFPFILTSVMIIMVFFFLDPTPFTPLSSLPNSSINAYSSTAYTTSWIFNTPSLYFTIFIISYLLLTLLVVVKIINLFKGPLRSIN
6	Neilupotamon xinganense	CYTB	YP_009863736.1	1.0	MTSPLRKSHPLFKIANSALVDMPLPSNISSFWNFGSLLGLCLIMQIVTGLLLAMHYVPHIDLAFSSVAHICRDVNYGWLLRSTHANGASFFFLCLYTHVGRGMFYGSYMIFHVWMVGLVILLMLMATAFLGYVLPWGQMSFWGATVITNLFSAIPFIGTDLVQWIWGGFSVDNATLTRFFTFHFLLPFAVAAFSLIHIMFLHHAGANNPLGVSTQTDKVPFHPYFTFKDIVGFVILISLLLLLSLSFPYYLSDPDNFIPANPLVTPVHIQPEWYFLYAYAILRSIPNKLGGVIALVLSVIIIAILPFSHFSKFRSLSFYPLNQILFWWLVNIIMLLTWIGARPVESPYILTGQILTSSYFSFYLLSPFMLIYWDKMLK	MTSPLRKSHPLFKIANSALVDMPLPSNISSFWNFGSLLGLCLIMQIVTGLLLAMHYVPHIDLAFSSVAHICRDVNYGWLLRSTHANGASFFFLCLYTHVGRGMFYGSYMIFHVWMVGLVILLMLMATAFLGYVLPWGQMSFWGATVITNLFSAIPFIGTDLVQWIWGGFSVDNATLTRFFTFHFLLPFAVAAFSLIHIMFLHHAGANNPLGVSTQTDKVPFHPYFTFKDIVGFVILISLLLLLSLSFPYYLSDPDNFIPANPLVTPVHIQPEWYFLYAYAILRSIPNKLGGVIALVLSVIIIAILPFSHFSKFRSLSFYPLNQILFWWLVNIIMLLTWIGARPVESPYILTGQILTSSYFSFYLLSPFMLIYWDKMLK
7	Neilupotamon xinganense	ND2	YP_009863737.1	1.0	MALPISYILFFFLLALSIFLSISSSSWFGIWIGLELNMMSFIPLITIKMSSHLSESALKYFLIQALGSTMFIMSSCMFLSFTQMSPPILLASLLLKLGSAPFHFWFPQVMSGLTWAQAIILMTLQKITPMVLISYLSTHSSLLKIISLSAILSAIIGALGGLNTMQLRKMMAFSSINHMSWMLISISISDTFWVTYFLFYSSISSAIMALFLIFQAFTLADLMKLSQTNPIHTLIIPLNFLSLGGLPPLAGFIPKWMLIQFMINNNMYMSLLILLSSALITLYFYLRVATFFLLLTNPTAVPNVKLNFTFSMPTSLLLFFNLFMLNLPFMFLLF	MALPISYILFFFLLALSIFLSISSSSWFGIWIGLELNMMSFIPLITIKMSSHLSESALKYFLIQALGSTMFIMSSCMFLSFTQMSPPILLASLLLKLGSAPFHFWFPQVMSGLTWAQAIILMTLQKITPMVLISYLSTHSSLLKIISLSAILSAIIGALGGLNTMQLRKMMAFSSINHMSWMLISISISDTFWVTYFLFYSSISSAIMALFLIFQAFTLADLMKLSQTNPIHTLIIPLNFLSLGGLPPLAGFIPKWMLIQFMINNNMYMSLLILLSSALITLYFYLRVATFFLLLTNPTAVPNVKLNFTFSMPTSLLLFFNLFMLNLPFMFLLF
8	Neilupotamon xinganense	COX1	YP_009863738.1	1.0	MQRWLFSTNHKDIGTLYFILGAWAGMVGASLSLIIRTELSQPGSLIGNDQIYNVVVTAHAFVMIFFMVMPIMIGGFGNWLIPLMLGAPDMAFPRMNNMSFWLLPPSLVLLLMSGMVESGIGTGWTVYPPLAAAIAHAGASVDMGIFSLHLAGVSSILGAVNFMTTVINMRSYGMTMDQMPLLVWAIFITVILLLLSLPVLAGAITMLLTDRNLNTSFFDPAGGGDPILYQHLFWFFGHPEVYILILPAFGMVSHIVSQESGKKESFGTLGMIYAMSAIGILGFVVWAHHMFTVGMDVDTRAYFTSATMIIAVPTGIKIFSWLSTLHGSQINSSPSLLWALGFIFLFTVGGLTGVVLANSSIDILLHDTYYVVAHFHYVLSMGAVFGIFGGITHWFSLFTGVSLNFKWLKIHFLVMFIGVNLTFFPQHFLGLNGMPRRYSDYPDAYTTWNIISSMGSMISFIAALSFVIIIWESLTSNRPVLFPPHLSPSIEWSHSYPPADHSYMEIPLLSNF	MQRWLFSTNHKDIGTLYFILGAWAGMVGASLSLIIRTELSQPGSLIGNDQIYNVVVTAHAFVMIFFMVMPIMIGGFGNWLIPLMLGAPDMAFPRMNNMSFWLLPPSLVLLLMSGMVESGIGTGWTVYPPLAAAIAHAGASVDMGIFSLHLAGVSSILGAVNFMTTVINMRSYGMTMDQMPLLVWAIFITVILLLLSLPVLAGAITMLLTDRNLNTSFFDPAGGGDPILYQHLFWFFGHPEVYILILPAFGMVSHIVSQESGKKESFGTLGMIYAMSAIGILGFVVWAHHMFTVGMDVDTRAYFTSATMIIAVPTGIKIFSWLSTLHGSQINSSPSLLWALGFIFLFTVGGLTGVVLANSSIDILLHDTYYVVAHFHYVLSMGAVFGIFGGITHWFSLFTGVSLNFKWLKIHFLVMFIGVNLTFFPQHFLGLNGMPRRYSDYPDAYTTWNIISSMGSMISFIAALSFVIIIWESLTSNRPVLFPPHLSPSIEWSHSYPPADHSYMEIPLLSNF
