	OrganismName	GenName	ProteinID	Strand	TranslatedAminoAcids	GenBankAminoAcids
0	Aeluroscalabotes felinus	ND1	YP_009388911.1	1.0	VHQMIPKLMNSILLIMPILLSVAFLTLLERKFLGYMQHRKGPNIIGTFGLLQPIADGMKLFIKEPLRPTSSNMTLFLMAPIMALTLALMIWIPLPMPQALSEMNLGLLFMLALSSLMVYSILWSGWASNSKYALIGALRAIAQTISYEVSLGIIILSTVLSTGGFSLKMILLTQEQGPLMMSTWPLMMMWFISTLAETNRAPFDLTEGESELVSGFNTEYAGGLFALFFLAEYANILLMNTLSCILFLSQSTAYSNIFTLSLMIKTCLLTLGFLWVRASYPRFRYDQLMHLVWKNFLPLILALCLWYTMMPIMLAGTPSNM	MHQMIPKLMNSILLIMPILLSVAFLTLLERKFLGYMQHRKGPNIIGTFGLLQPIADGMKLFIKEPLRPTSSNMTLFLMAPIMALTLALMIWIPLPMPQALSEMNLGLLFMLALSSLMVYSILWSGWASNSKYALIGALRAIAQTISYEVSLGIIILSTVLSTGGFSLKMILLTQEQGPLMMSTWPLMMMWFISTLAETNRAPFDLTEGESELVSGFNTEYAGGLFALFFLAEYANILLMNTLSCILFLSQSTAYSNIFTLSLMIKTCLLTLGFLWVRASYPRFRYDQLMHLVWKNFLPLILALCLWYTMMPIMLAGTPSNM
1	Aeluroscalabotes felinus	ND2	YP_009388912.1	1.0	INPLIQLLLISGMAMGTIITLSSSHWLIAWIGLEINTLAIIPILTNEHYPRTTEAATKYFLTQAIASALIMLSSMTNAWMTGQWDISQLTTPLAMLLLTLAITMKLGLAPFHFWFLEVMQGATLKISLALSTWQKLAPFCLLYMTAPHLNHPLLITFSLFSTMIGSMTGLNQTQTRKIMACSSITHLGWLTTMLTLNPPITMLTLILYILMTTTIFLVLIMLSMKTLIDLEIVGSTVPMLAMMTMLMLLSLGGLPPLTGFLPKWLILNELMKFKLIIFSMMLALTTLPSLFFYLRMGYLMIMVLPPTTTPKYNWRLKIKYPLMLAILMTLSTLLLPNLPMILMILS	MNPLIQLLLISGMAMGTIITLSSSHWLIAWIGLEINTLAIIPILTNEHYPRTTEAATKYFLTQAIASALIMLSSMTNAWMTGQWDISQLTTPLAMLLLTLAITMKLGLAPFHFWFLEVMQGATLKISLALSTWQKLAPFCLLYMTAPHLNHPLLITFSLFSTMIGSMTGLNQTQTRKIMACSSITHLGWLTTMLTLNPPITMLTLILYILMTTTIFLVLIMLSMKTLIDLEIVGSTVPMLAMMTMLMLLSLGGLPPLTGFLPKWLILNELMKFKLIIFSMMLALTTLPSLFFYLRMGYLMIMVLPPTTTPKYNWRLKIKYPLMLAILMTLSTLLLPNLPMILMILS
2	Aeluroscalabotes felinus	COX1	YP_009388913.1	1.0	VMLTRWFFSTNHKDIGTLYLIFGAWAGMTGTALSLLIRAELSEPGTLLGDDQIYNVVVTAHAFVMIFFMVMPIMIGGFGNWLVPLMIGAPDMAFPRMNNMSFWLLPPSLMLLLASSSIEAGAGTGWTVYPPLAANLAHAGAAVDLTIFSLHLAGASSILGAINFITTCLNMKPPMMTQYMTPLFVWSVLITAVLLLLSLPVLAAGITMLLTDRNLNTAFFDPAGGGDPILYQHLFWFFGHPEVYILILPGFGMISHIVAYSAGKKEPFGYMGMVWAMMSIGFLGFIVWAHHMFTVGMDVDTRAYFTSATMIIAIPTGVKVFSWLATLHGGTIKWNTALLWALGFIFLFTIGGLTGIVLANSSLDIVLHDTYYVVAHFHYVLSMGAVFAIMGGFIHWFPLFSGYSLHSTWTKIHFGVMFVGVNMTFFPQHFLGLAGMPRRYSDYPDAYTLWNTLSSIGSLISLIAVIMMLFIIWEAYSAKREVSSIELLSTNLEWLHKYPPSYHTYEEPVYLLQNKKW	MMLTRWFFSTNHKDIGTLYLIFGAWAGMTGTALSLLIRAELSEPGTLLGDDQIYNVVVTAHAFVMIFFMVMPIMIGGFGNWLVPLMIGAPDMAFPRMNNMSFWLLPPSLMLLLASSSIEAGAGTGWTVYPPLAANLAHAGAAVDLTIFSLHLAGASSILGAINFITTCLNMKPPMMTQYMTPLFVWSVLITAVLLLLSLPVLAAGITMLLTDRNLNTAFFDPAGGGDPILYQHLFWFFGHPEVYILILPGFGMISHIVAYSAGKKEPFGYMGMVWAMMSIGFLGFIVWAHHMFTVGMDVDTRAYFTSATMIIAIPTGVKVFSWLATLHGGTIKWNTALLWALGFIFLFTIGGLTGIVLANSSLDIVLHDTYYVVAHFHYVLSMGAVFAIMGGFIHWFPLFSGYSLHSTWTKIHFGVMFVGVNMTFFPQHFLGLAGMPRRYSDYPDAYTLWNTLSSIGSLISLIAVIMMLFIIWEAYSAKREVSSIELLSTNLEWLHKYPPSYHTYEEPVYLLQNKKW
3	Aeluroscalabotes felinus	COX2	YP_009388914.1	1.0	MAHPMQLGFQNATSPIMEELLYFHDHTLMILFLISTLILYMILLMVTTTLTHTNAVDAQTIEMVWTLLPAIILIMIALPSLRILYLMDEVNNPHLTIKAIGHQWYWSYEYTDYQAVLFDSYMIPTNSISPGMYRLLDVDHRMIIPMESPIRMLISADDVLHSWAVPTLGVKTDAIPGRLNQTSFIISRPSLSYGQCSEICGSNHSFMPIVVEATTLEAFENWMKLTPM	MAHPMQLGFQNATSPIMEELLYFHDHTLMILFLISTLILYMILLMVTTTLTHTNAVDAQTIEMVWTLLPAIILIMIALPSLRILYLMDEVNNPHLTIKAIGHQWYWSYEYTDYQAVLFDSYMIPTNSISPGMYRLLDVDHRMIIPMESPIRMLISADDVLHSWAVPTLGVKTDAIPGRLNQTSFIISRPSLSYGQCSEICGSNHSFMPIVVEATTLEAFENWMKLTPM
4	Aeluroscalabotes felinus	ATP8	YP_009388915.1	1.0	MPQLIPAPWFMTMLMTWIILLMMLIPMTMQINSLLSPKILKSTIPDIAWIWLWY	MPQLIPAPWFMTMLMTWIILLMMLIPMTMQINSLLSPKILKSTIPDIAWIWLWY
5	Aeluroscalabotes felinus	ATP6	YP_009388916.1	1.0	MMLNLFDQFMSPTLMGVPLMILALLAPTLLIPYKLRLQTNRFNAMKLWMVKKSIKHLMQPLGQAAQEWAVMLLVLMFFLLLLNILGLFPYTFTPTTQLAMNLSLALPMWLMTVLTGAWNYPTRSLSHLLPMGTPKVLVPSLIIIETLSLLLRPLALGVRLTANLTAGHLLIQLISTAILSLFPLSLMISISTTILLVLLLLLEIAVAMIQAYVFSLLMSLYLEENI	MMLNLFDQFMSPTLMGVPLMILALLAPTLLIPYKLRLQTNRFNAMKLWMVKKSIKHLMQPLGQAAQEWAVMLLVLMFFLLLLNILGLFPYTFTPTTQLAMNLSLALPMWLMTVLTGAWNYPTRSLSHLLPMGTPKVLVPSLIIIETLSLLLRPLALGVRLTANLTAGHLLIQLISTAILSLFPLSLMISISTTILLVLLLLLEIAVAMIQAYVFSLLMSLYLEENI
6	Aeluroscalabotes felinus	COX3	YP_009388917.1	1.0	MDHQAHTYHMVDPSPWPLTGAIAALLLTSGLTTWFHYKTLILMYMGLILLALTTIQWWRDIIRESTYQGHHTMFVQTGLRYGMMLFITSEIFFFLGFFWAFYHSSLAPTPELGGGWPPTGIITVSPFDVPLLNTAILLSSGVTVTWAHHSIMEGKHKEAMQALMLTVGLGIYFTLLQMMEYYDAPFTIADSVYGSTFFIATGFHGMHVIIGTSFLFVCLLRQMMQHFTTNHHFGFEAAAWYWHFVDVVWLFLYISIYWWGT	MDHQAHTYHMVDPSPWPLTGAIAALLLTSGLTTWFHYKTLILMYMGLILLALTTIQWWRDIIRESTYQGHHTMFVQTGLRYGMMLFITSEIFFFLGFFWAFYHSSLAPTPELGGGWPPTGIITVSPFDVPLLNTAILLSSGVTVTWAHHSIMEGKHKEAMQALMLTVGLGIYFTLLQMMEYYDAPFTIADSVYGSTFFIATGFHGMHVIIGTSFLFVCLLRQMMQHFTTNHHFGFEAAAWYWHFVDVVWLFLYISIYWWGT
7	Aeluroscalabotes felinus	ND3	YP_009388918.1	1.0	MNLLLYLFIVALIMGLLMIMSFWLPQLTPDMEKLSPYECGFDPYGTARLPFSLRFFLIAILFLLFDLEIALLLPLPWAMCLINPNSLMFWAIILIFLLIMGLIYEWMQGGLEWAE	MNLLLYLFIVALIMGLLMIMSFWLPQLTPDMEKLSPYECGFDPYGTARLPFSLRFFLIAILFLLFDLEIALLLPLPWAMCLINPNSLMFWAIILIFLLIMGLIYEWMQGGLEWAE
8	Aeluroscalabotes felinus	ND4L	YP_009388919.1	1.0	MAPLQLMTTGTFLLSALGVAMYRTHLVSALLCIEGMLLTLFINLITMTQNMELTTMICSPMTILTFSACEACTGLALLVASTRTHASDHLKNLNLLQC	MAPLQLMTTGTFLLSALGVAMYRTHLVSALLCIEGMLLTLFINLITMTQNMELTTMICSPMTILTFSACEACTGLALLVASTRTHASDHLKNLNLLQC
9	Aeluroscalabotes felinus	ND4	YP_009388920.1	1.0	MLKLLLPMLMLPPTILTMKKSMLFTTFTCYTTLTALMTVHYLNNPINLPAWKVCPLLGLDHVSTPLLILSTWIPPLMAVANQQNMQMNSSNQQRLFLLTCSLLQITLIMAFSVTNLIFFYIMFESTLIPTLILITRWGSQMERLTAGMYFLFYTLFGSLPLLIALLWMESHTNNIMMLFPLLMEMTNSSMLTSPFLWLACLFAFLIKMPLYGLHLWLPKAHVEAPIAGSMVLAAILLKLGGYGIIRIMPVLTSVMEVMTLPLMVLALWGMIMTSLICLRQTDLKAIIAYSSVSHMALVVAATLIKTPWSISGALILMIAHGLSSSLLFCLANTNYERTHTRTLLLVRGLQNILPFMTFWWLMASLTNMALPPTINIIGELMIISSLFNWASMTLLLTGLATLLTGIYTLYIFLTMQQGKLTLNLACNPSYTREHLLMTLHLLPLILLMLNPKLLT	MLKLLLPMLMLPPTILTMKKSMLFTTFTCYTTLTALMTVHYLNNPINLPAWKVCPLLGLDHVSTPLLILSTWIPPLMAVANQQNMQMNSSNQQRLFLLTCSLLQITLIMAFSVTNLIFFYIMFESTLIPTLILITRWGSQMERLTAGMYFLFYTLFGSLPLLIALLWMESHTNNIMMLFPLLMEMTNSSMLTSPFLWLACLFAFLIKMPLYGLHLWLPKAHVEAPIAGSMVLAAILLKLGGYGIIRIMPVLTSVMEVMTLPLMVLALWGMIMTSLICLRQTDLKAIIAYSSVSHMALVVAATLIKTPWSISGALILMIAHGLSSSLLFCLANTNYERTHTRTLLLVRGLQNILPFMTFWWLMASLTNMALPPTINIIGELMIISSLFNWASMTLLLTGLATLLTGIYTLYIFLTMQQGKLTLNLACNPSYTREHLLMTLHLLPLILLMLNPKLLT
10	Aeluroscalabotes felinus	ND5	YP_009388921.1	1.0	MLNLMFHTTTTLTLLVLLLPFLFPRTMSKLWTNPITTATKLACMMSMISLATFISTGVETITTSLTWLNSLFSLQISLMFDRYSTSFLPIALFITWTIMEFTNWYMNKDFNRKKFMKYLLLFLLAMFILITANNLFQLFIGWEGVGIMSFLLIGWWFSRMNANSAALQAMIYNRIGDIGLLLSLSWFAMYYNTWNFEELFSLTTMPLLPLLGIILAAAGKSAQFGLHPWLPNAMEGPTPVSALLHSSTMVVAGVFLLIRLNPLLQMNSTTTTICLCLGATTTVFSALCALTQNDLKKIIAFSTSSQLGLMMVAIGLNQPDLAFLHISTHAFFKAMLFLCSGSIIHSLSDEQDIRKMGNLQKTLPITMASMTLGSLALIGIPFLAGFYSKDMIIEALNTTHTNAWALMLTLLATALTAAYSFRMMFYTQMNTPHYLPLSPTLESNKYQIRPILYLGLGTLFSGFIITMMMMPMKTQIMTMNFSTKLMTLLITTIGLLVALDLTKSSMTLSSTKPTIKYNMLNQLGFFNILTHRTIPQLIFNLSQKLAYQLNDLLWYEKLGPKMLMDGAKKMSNLLTKAQTGLMKTYLTIFMITMMGVSFISFYTER	MLNLMFHTTTTLTLLVLLLPFLFPRTMSKLWTNPITTATKLACMMSMISLATFISTGVETITTSLTWLNSLFSLQISLMFDRYSTSFLPIALFITWTIMEFTNWYMNKDFNRKKFMKYLLLFLLAMFILITANNLFQLFIGWEGVGIMSFLLIGWWFSRMNANSAALQAMIYNRIGDIGLLLSLSWFAMYYNTWNFEELFSLTTMPLLPLLGIILAAAGKSAQFGLHPWLPNAMEGPTPVSALLHSSTMVVAGVFLLIRLNPLLQMNSTTTTICLCLGATTTVFSALCALTQNDLKKIIAFSTSSQLGLMMVAIGLNQPDLAFLHISTHAFFKAMLFLCSGSIIHSLSDEQDIRKMGNLQKTLPITMASMTLGSLALIGIPFLAGFYSKDMIIEALNTTHTNAWALMLTLLATALTAAYSFRMMFYTQMNTPHYLPLSPTLESNKYQIRPILYLGLGTLFSGFIITMMMMPMKTQIMTMNFSTKLMTLLITTIGLLVALDLTKSSMTLSSTKPTIKYNMLNQLGFFNILTHRTIPQLIFNLSQKLAYQLNDLLWYEKLGPKMLMDGAKKMSNLLTKAQTGLMKTYLTIFMITMMGVSFISFYTER
11	Aeluroscalabotes felinus	CYTB	YP_009388923.1	1.0	MLSRKTDPLLKILNNSFIDLPTPSNITIWWNFGSLLGLCLCMQILTGLLLATHYTAEITSAFASIVYICRDVNYGWLIRSLHANGASFFFICLYIHLARGLYYGSYLYKKTWNIGVTLLLLTMMTAFVGYVLPWGQMSFWGATVITNLLSAIPYIGTTLVTWMWGGFSVDSATLTRFFMLHFLFPFIICAMAGVHLLFLHETGSNNPTGLSSNTDKIPFHPYFSMKDLLGSLLLLLLLLLVTFFYPNMFLEPDNFIPANPLSTPIHIKPEWYFLFAYAILRSIPNKLGGVLALLCSILLFFFIPMLHIAKQRSQMFRPFAQVIFWLFITNILILTWIGAQPVEPPFIMIGQYASFNYFILPMVMMPLINKLENLMLNW	MLSRKTDPLLKILNNSFIDLPTPSNITIWWNFGSLLGLCLCMQILTGLLLATHYTAEITSAFASIVYICRDVNYGWLIRSLHANGASFFFICLYIHLARGLYYGSYLYKKTWNIGVTLLLLTMMTAFVGYVLPWGQMSFWGATVITNLLSAIPYIGTTLVTWMWGGFSVDSATLTRFFMLHFLFPFIICAMAGVHLLFLHETGSNNPTGLSSNTDKIPFHPYFSMKDLLGSLLLLLLLLLVTFFYPNMFLEPDNFIPANPLSTPIHIKPEWYFLFAYAILRSIPNKLGGVLALLCSILLFFFIPMLHIAKQRSQMFRPFAQVIFWLFITNILILTWIGAQPVEPPFIMIGQYASFNYFILPMVMMPLINKLENLMLNW
