	OrganismName	GenName	ProteinID	Strand	TranslatedAminoAcids	GenBankAminoAcids
0	Scortum barcoo	ND1	YP_009142228.1	1.0	MISTLITQVLNPLIYIVPVLLAVAFFTLLERKVLGYMQLRKGPNVVGPYGLLQPIADGVKLFIKEPVRPSTSSPTLFLFTPILALTLALALWTPLPLPYPMADLNLGILFILALSSLAVYSILGSGWASNSKYALIGALRAVAQTISYEVSMGLILLCVILFTGGFTLQTFNITQESIWLILPAWPLAAMWYISTLAETNRAPFDLTEGESELVSGFNVEYAGGPFALFFLAEYANILLMNTLSATLFLGASHIPLLPEFTAINLMTKAAFLSILFLWVRASYPRFRYDQLMHLIWKNFLPLTLALIIWHLALPIAFAGLPPQL	MISTLITQVLNPLIYIVPVLLAVAFFTLLERKVLGYMQLRKGPNVVGPYGLLQPIADGVKLFIKEPVRPSTSSPTLFLFTPILALTLALALWTPLPLPYPMADLNLGILFILALSSLAVYSILGSGWASNSKYALIGALRAVAQTISYEVSMGLILLCVILFTGGFTLQTFNITQESIWLILPAWPLAAMWYISTLAETNRAPFDLTEGESELVSGFNVEYAGGPFALFFLAEYANILLMNTLSATLFLGASHIPLLPEFTAINLMTKAAFLSILFLWVRASYPRFRYDQLMHLIWKNFLPLTLALIIWHLALPIAFAGLPPQL
1	Scortum barcoo	ND2	YP_009142229.1	1.0	MSPFILTVLLSGLGLGTTITFASSHWLLAWMGLEINTLAILPLMARHHHPRAVEATTKYFLTQATAAATLLFASTTNAWLTGQWDILQMTHPLPITLITFALALKVGLAPTHFWLPEVLQGLDLTTGLLLSTWQKLAPFALLLQICPANSPLLIAFGLASTLIGGWGGLNQTQLRKILAYSSIAHLGWMILVLQFIPSLTLLTLLTYFIMTFSTFLMFKLNNAKNINSLALSWTKTPMLTALTPLILLSLGGLPPLTGFMPKWLILQELTKQGLAPTATIAALSALLSLFFYLRLSYAATLTISPNNLAGTPAWRLPSTQATFPLALSTMATIALLPLTPAAATLLSL	MSPFILTVLLSGLGLGTTITFASSHWLLAWMGLEINTLAILPLMARHHHPRAVEATTKYFLTQATAAATLLFASTTNAWLTGQWDILQMTHPLPITLITFALALKVGLAPTHFWLPEVLQGLDLTTGLLLSTWQKLAPFALLLQICPANSPLLIAFGLASTLIGGWGGLNQTQLRKILAYSSIAHLGWMILVLQFIPSLTLLTLLTYFIMTFSTFLMFKLNNAKNINSLALSWTKTPMLTALTPLILLSLGGLPPLTGFMPKWLILQELTKQGLAPTATIAALSALLSLFFYLRLSYAATLTISPNNLAGTPAWRLPSTQATFPLALSTMATIALLPLTPAAATLLSL
2	Scortum barcoo	COX1	YP_009142230.1	1.0	VAVTRWFFSTNHKDIGTLYLVFGAWAGMVGTALSLLIRAELSQPGALLGDDQIYNVIVTAHAFVMIFFMVMPIMIGGFGNWLVPLMIGAPDMAFPRMNNMSFWLLPPSFLLLLASSGVEAGAGTGWTVYPPLAGNLAHAGASVDLTIFSLHLAGVSSILGAINFITTIINMKPPAISQYQTPLFVWAVLVTAVLLLLSLPVLAADHMLLTDRNLNTTFFDPAGGGDPILYQHLFWFFGHPEVYILILPGFGMISHIVAYYSGKKEPFGYMGMVWAMMAIGLLGFIVWAHHMFTVGMDVDTRAYFTSATMIIAIPTGVKVFSWLATLHGGAVKWETPLLWALGFIFLFTVGGLTGIVLANSSLDIVLHDTYYVVAHFHYVLSMGAVFAIVAAFVHWFPLFTGYTLHEVWTKIHFGIMFAGVNLTFFPQHFLGLAGMPRRYSDYPDAYTLWNTVSSIGSLVSLIAVILFLFIIWEAFAAKREVLSVEMTATNVEWLHGCPPPYHTFEEPAFVQVQLPSNWPE	MAVTRWFFSTNHKDIGTLYLVFGAWAGMVGTALSLLIRAELSQPGALLGDDQIYNVIVTAHAFVMIFFMVMPIMIGGFGNWLVPLMIGAPDMAFPRMNNMSFWLLPPSFLLLLASSGVEAGAGTGWTVYPPLAGNLAHAGASVDLTIFSLHLAGVSSILGAINFITTIINMKPPAISQYQTPLFVWAVLVTAVLLLLSLPVLAADHMLLTDRNLNTTFFDPAGGGDPILYQHLFWFFGHPEVYILILPGFGMISHIVAYYSGKKEPFGYMGMVWAMMAIGLLGFIVWAHHMFTVGMDVDTRAYFTSATMIIAIPTGVKVFSWLATLHGGAVKWETPLLWALGFIFLFTVGGLTGIVLANSSLDIVLHDTYYVVAHFHYVLSMGAVFAIVAAFVHWFPLFTGYTLHEVWTKIHFGIMFAGVNLTFFPQHFLGLAGMPRRYSDYPDAYTLWNTVSSIGSLVSLIAVILFLFIIWEAFAAKREVLSVEMTATNVEWLHGCPPPYHTFEEPAFVQVQLPSNWPE
3	Scortum barcoo	COX2	YP_009142231.1	1.0	MAHPSQLGFQDAASPVMEELLHFHDHALMIVFLISTLVLYIILAMVSTKLTNKYILDSQEIEIIWTVLPAIILILIALPSLRILYLMDEINDPHLTIKAMGHQWYWSYEYTDYEALGFDSYMIPTQDLTPGQFRLLETDHRMVIPVESPIRVLVSAEDVLHSWAVPSLGVKMDAVPGRLNQTAFITSRPGLFYGQCSEICGANHSFMPIVVEAVPLEHFENWSSLMLEDA	MAHPSQLGFQDAASPVMEELLHFHDHALMIVFLISTLVLYIILAMVSTKLTNKYILDSQEIEIIWTVLPAIILILIALPSLRILYLMDEINDPHLTIKAMGHQWYWSYEYTDYEALGFDSYMIPTQDLTPGQFRLLETDHRMVIPVESPIRVLVSAEDVLHSWAVPSLGVKMDAVPGRLNQTAFITSRPGLFYGQCSEICGANHSFMPIVVEAVPLEHFENWSSLMLEDA
4	Scortum barcoo	ATP8	YP_009142232.1	1.0	MPQLNPSPWFAILVFSWLVLLVVIPPKVVAHTFPKEPTLQSAEKPKTEPWNWPWH	MPQLNPSPWFAILVFSWLVLLVVIPPKVVAHTFPKEPTLQSAEKPKTEPWNWPWH
5	Scortum barcoo	ATP6	YP_009142233.1	1.0	MTLSFFDQFMSPSLLGIPLMALALTLPWTLFPAPTPRWLHNRLLALQNWFIGRFAQELLLPLSPAGHKWAMLFASLMLYLISLNMLGLLPYTFTPTTQLSLNLGLAVPLWLATVIIGMRNQPTIALGHLLPEGTPTLLIPVLIIIETISLFIRPIALGVRLTANLTAGHLLIQLIATAAFVLLPLMPTVAVLTGALLFLLTLLEVAVAMIQAYVFVLLLSLYLQENV	MTLSFFDQFMSPSLLGIPLMALALTLPWTLFPAPTPRWLHNRLLALQNWFIGRFAQELLLPLSPAGHKWAMLFASLMLYLISLNMLGLLPYTFTPTTQLSLNLGLAVPLWLATVIIGMRNQPTIALGHLLPEGTPTLLIPVLIIIETISLFIRPIALGVRLTANLTAGHLLIQLIATAAFVLLPLMPTVAVLTGALLFLLTLLEVAVAMIQAYVFVLLLSLYLQENV
6	Scortum barcoo	COX3	YP_009142234.1	1.0	MAHQAHAYHMVDPSPWPLTGAVAALLMTSGLAIWFHFHSTTLMTLGLALLLLTMYQWWRDIVREGTFQGHHTPPVQKGLRYGMILFITSEVFFFLGFFWAFYHSSLAPTPELGGCWPPTGIVTLDPFEVPLLNTAVLLASGVTVTWAHHSIMEGERKQAIHSLTLTILLGFYFTLLQAMEYYEAPFTIADGVYGSTFFVATGFHGLHVIIGSTFLAVCLLRQVKYHFTSDHHFGFEAAAWYWHFVDVVWLFLYVSIYWWGS	MAHQAHAYHMVDPSPWPLTGAVAALLMTSGLAIWFHFHSTTLMTLGLALLLLTMYQWWRDIVREGTFQGHHTPPVQKGLRYGMILFITSEVFFFLGFFWAFYHSSLAPTPELGGCWPPTGIVTLDPFEVPLLNTAVLLASGVTVTWAHHSIMEGERKQAIHSLTLTILLGFYFTLLQAMEYYEAPFTIADGVYGSTFFVATGFHGLHVIIGSTFLAVCLLRQVKYHFTSDHHFGFEAAAWYWHFVDVVWLFLYVSIYWWGS
7	Scortum barcoo	ND3	YP_009142235.1	1.0	MNLIPTIIAIATVLSMVLALVSFWLPQTSPDHEKLSPYECGFDPLGTARLPFSLRFFLVAILFLLFDLEIALLLPLPWGDQLSSPIVTFLWATAVLALLTLGLIYEWLQGGLEWAE	MNLIPTIIAIATVLSMVLALVSFWLPQTSPDHEKLSPYECGFDPLGTARLPFSLRFFLVAILFLLFDLEIALLLPLPWGDQLSSPIVTFLWATAVLALLTLGLIYEWLQGGLEWAE
8	Scortum barcoo	ND4L	YP_009142236.1	1.0	MTPTHFAFSTTFLLGLMGLASHRTHLLSALLCLEGMMLSLFIAFSLWTLQLDSSSFSASPMILLALSACEASAGLALLVATARTHGSDHLQTLNLLQC	MTPTHFAFSTTFLLGLMGLASHRTHLLSALLCLEGMMLSLFIAFSLWTLQLDSSSFSASPMILLALSACEASAGLALLVATARTHGSDHLQTLNLLQC
9	Scortum barcoo	ND4	YP_009142237.1	1.0	MLKVLIPTLMLIPTTWLTPKKWLWPTTLLHSLAIALVSLTWLENLTEAGWSSLNQFMATDPLSTPLLVLTCWLLPLMILASQSHTSSEPVNRQRMYLSLLTSLQIFLIMAFGATEVIMFYVMFEATLIPTLILITRWGNQTERLNAGTYFLFYTLAGSLPLLVALLLLHSTTGTLSLLVLQYSSPLPLTTYADKLWWAACLLAFLVKMPLYGAHLWLPKAHVEAPVAGSMVLAAVLLKLGGYGMMRMMTMLEPLTKQLSYPFIIFALWGIVMTGSICLRQTDLKSLIAYSSVSHMGLVVGGILIQTPWGFTGALILMIAHGLTSSALFCLANTNYERTHSRTMVLARGLQIALPLMTTWWFIASLANLALPPLPNLMGELMIIVSLFNWSWWTILLTGAGTLITASYSLYMFLMTQRGPLPAHMAALTPSHTREHLLITLHLLPLLLLILKPELIWGWTF	MLKVLIPTLMLIPTTWLTPKKWLWPTTLLHSLAIALVSLTWLENLTEAGWSSLNQFMATDPLSTPLLVLTCWLLPLMILASQSHTSSEPVNRQRMYLSLLTSLQIFLIMAFGATEVIMFYVMFEATLIPTLILITRWGNQTERLNAGTYFLFYTLAGSLPLLVALLLLHSTTGTLSLLVLQYSSPLPLTTYADKLWWAACLLAFLVKMPLYGAHLWLPKAHVEAPVAGSMVLAAVLLKLGGYGMMRMMTMLEPLTKQLSYPFIIFALWGIVMTGSICLRQTDLKSLIAYSSVSHMGLVVGGILIQTPWGFTGALILMIAHGLTSSALFCLANTNYERTHSRTMVLARGLQIALPLMTTWWFIASLANLALPPLPNLMGELMIIVSLFNWSWWTILLTGAGTLITASYSLYMFLMTQRGPLPAHMAALTPSHTREHLLITLHLLPLLLLILKPELIWGWTF
10	Scortum barcoo	ND5	YP_009142238.1	1.0	MTSTSLTMASSLIIIFTLLSYPVLTTLAPKPRRPDWALSHAKTAVKLAFFISLLPLFLFLNEGAETIVTSWSWMNTGTFDINISLKFDHYSTIFTPIALYVTWSILEFASWYMHSDPHMNRFFKYLLIFLIAMIVLVTANNMFQLFIGWEGVGIMSFLLIGWWHGRADANTAALQAVVYNRVGDIGLILAMAWMAMNLNSWEMQQMFAASKNLDLTLPLLGLILAATGKSAQFGLHPWLPSAMEGPTPVSALLHSSTMVVAGIFLLIRMSPLLETNPAALTICLCLGALTTLFTATCALTQNDIKKIVAFSTSSQLGLMMVTIGLNQPQLAFLHICTHAFFKAMLFLCSGSIIHSLNDEQDIRKMGGMHHLTPFTSSCLTIGSLALTGTPFLAGFFSKDAIIEALNTSHLNAWALTMTLIATSFTAIYSLRVIFFVSMGFPRFNPLSPINENNPTVINPIKRLAWGSIIAGLLITSNISPLKTPVMTMPPLLKLAALIVTISGLLIALELASLTSMQYKPTPRLTPHHFSNMLGFFPTLIHRLTPKLNLALGQMIASQTIDQTWLEKTGPKATFSSNLPLITTTSNAQQGFIKTYLTLFLMSLIIAALAFID	MTSTSLTMASSLIIIFTLLSYPVLTTLAPKPRRPDWALSHAKTAVKLAFFISLLPLFLFLNEGAETIVTSWSWMNTGTFDINISLKFDHYSTIFTPIALYVTWSILEFASWYMHSDPHMNRFFKYLLIFLIAMIVLVTANNMFQLFIGWEGVGIMSFLLIGWWHGRADANTAALQAVVYNRVGDIGLILAMAWMAMNLNSWEMQQMFAASKNLDLTLPLLGLILAATGKSAQFGLHPWLPSAMEGPTPVSALLHSSTMVVAGIFLLIRMSPLLETNPAALTICLCLGALTTLFTATCALTQNDIKKIVAFSTSSQLGLMMVTIGLNQPQLAFLHICTHAFFKAMLFLCSGSIIHSLNDEQDIRKMGGMHHLTPFTSSCLTIGSLALTGTPFLAGFFSKDAIIEALNTSHLNAWALTMTLIATSFTAIYSLRVIFFVSMGFPRFNPLSPINENNPTVINPIKRLAWGSIIAGLLITSNISPLKTPVMTMPPLLKLAALIVTISGLLIALELASLTSMQYKPTPRLTPHHFSNMLGFFPTLIHRLTPKLNLALGQMIASQTIDQTWLEKTGPKATFSSNLPLITTTSNAQQGFIKTYLTLFLMSLIIAALAFID
11	Scortum barcoo	CYTB	YP_009142240.1	1.0	MASLRKTHPLLSIANNALVDLPAPANISVWWNFGSLLGLCLATQILTGLFLAMHYTSDIATAFSSVAHICRDVNYGWLIRNIHANGASFFFICIYMHIARGLYYGSYLYKETWNVGVILLLLVMMTAFVGYVLPWGQMSFWGATVITNLLSAIPYVGNTLVQWIWGGFSVDNATLTRFFAFHFLLPFVIAALTMIHLLFLHETGSNNPLGLNSNADKISFHPYFSYKDLLGFVALLIALTSLSLFSPNLLGDPDNFTPANPLVTPPHIKPEWYFLFAYAILRSIPNKLGGVLALLASILVLMVVPVLHTSKQRSLTFRPLTQALFWTLVADVIILTWIGGMPVEEPFVLIGQVASFLYFFIFLVLIPLAGLAENIALKWH	MASLRKTHPLLSIANNALVDLPAPANISVWWNFGSLLGLCLATQILTGLFLAMHYTSDIATAFSSVAHICRDVNYGWLIRNIHANGASFFFICIYMHIARGLYYGSYLYKETWNVGVILLLLVMMTAFVGYVLPWGQMSFWGATVITNLLSAIPYVGNTLVQWIWGGFSVDNATLTRFFAFHFLLPFVIAALTMIHLLFLHETGSNNPLGLNSNADKISFHPYFSYKDLLGFVALLIALTSLSLFSPNLLGDPDNFTPANPLVTPPHIKPEWYFLFAYAILRSIPNKLGGVLALLASILVLMVVPVLHTSKQRSLTFRPLTQALFWTLVADVIILTWIGGMPVEEPFVLIGQVASFLYFFIFLVLIPLAGLAENIALKWH
