	OrganismName	GenName	ProteinID	Strand	TranslatedAminoAcids	GenBankAminoAcids
0	Oscarella tuberculata	mttB	YP_004123638.1	1.0	LTRHLNELKLRGIYLILGFIVTIVIGYNYCEEIIFLVFYLNSMNDEIQLKLILTNVYEGLFSYLLISCGLAFFVMIPIIIFQLILFIAPGYHYYEYRVLLKSFLLCIITYLLTIYIGYSWINPVILKFVGGFSSTYPPIEVNIKASELSNYLIKLTGLIVCIGIIITLLWFAPSFMPSRFIIKHWWIRPTIIIASLMIGAILSPSDIIIQCLIAAPIYCFFEIWLFLFLLKDQYNKRNNPTK	MTRHLNELKLRGIYLILGFIVTIVIGYNYCEEIIFLVFYLNSMNDEIQLKLILTNVYEGLFSYLLISCGLAFFVMIPIIIFQLILFIAPGYHYYEYRVLLKSFLLCIITYLLTIYIGYSWINPVILKFVGGFSSTYPPIEVNIKASELSNYLIKLTGLIVCIGIIITLLWFAPSFMPSRFIIKHWWIRPTIIIASLMIGAILSPSDIIIQCLIAAPIYCFFEIWLFLFLLKDQYNKRNNPTK
1	Oscarella tuberculata	ND2	YP_004123639.1	1.0	MYEAFYPELFLSLAVLVLVIYGVYQPTLKTAIIILLVTGLMALPNEQFLFWEDKTLDLTNGLLTINSWISITKLIIIVGSISILLMLKDTKISGQASFDSPVLILIVTLGSVLLVSSINWLSVYLAIELQTLSLFVLTALKRDSAYGAEAGLKYFVLGALSSGLFLFGCALLYGLTGETSVHAGGQICALTSNGEVGKILITISLLFKLSAAPFHMWAPDVYEGAPTTTTALLAIVPKVSVFAILVQIGPVVNVLLASAILSMIYGAIGALNQTKIKRLLAYSGIGHMGFVLFGVTIGSFESIQASLIYMIIYVIMSICSFSIILTLGLSKNLIVEFSGLSRRHPIMAVTLAFTFLSTAGIPPLAGFFSKWLVLLCGISSQYYLTSIIAVLCSVIAGVYYVRIVKIIYFQAESSLLIWKDVLTGDKRGEFRRSILIGLSLYIILFIMISPNLLLQIAHDATMGLY	MYEAFYPELFLSLAVLVLVIYGVYQPTLKTAIIILLVTGLMALPNEQFLFWEDKTLDLTNGLLTINSWISITKLIIIVGSISILLMLKDTKISGQASFDSPVLILIVTLGSVLLVSSINWLSVYLAIELQTLSLFVLTALKRDSAYGAEAGLKYFVLGALSSGLFLFGCALLYGLTGETSVHAGGQICALTSNGEVGKILITISLLFKLSAAPFHMWAPDVYEGAPTTTTALLAIVPKVSVFAILVQIGPVVNVLLASAILSMIYGAIGALNQTKIKRLLAYSGIGHMGFVLFGVTIGSFESIQASLIYMIIYVIMSICSFSIILTLGLSKNLIVEFSGLSRRHPIMAVTLAFTFLSTAGIPPLAGFFSKWLVLLCGISSQYYLTSIIAVLCSVIAGVYYVRIVKIIYFQAESSLLIWKDVLTGDKRGEFRRSILIGLSLYIILFIMISPNLLLQIAHDATMGLY
2	Oscarella tuberculata	ND5	YP_004123640.1	1.0	MYLLVLFIPLLSAAISGLFGRKIGEKGAGIFTSSSIVISWVLSMLIFYETNINASSTYIKLWRWFDSDLLTIYFGLQFDALTGIMLVVVTSVSALVHIYSTGYMSGDPHIPRFMSYLSLFTFFMIVLVTSDNYVQLFIGWEGVGLCSYLLINFWLTRIQANKAAIKAMLVNRVGDIGLVLGMFAIFKEFGSLEFSTVFSTVNEVSQPNSIALICILLLIGAVGKSAQLGLHTWLPDAMEGPTPVSALIHAATMVTAGVFLIIRSGPLFEGSPLALTVTTVVGALTAFFAATVGLVQNDLKKVIAYSTCSQLGYMVMVCGVSNYSTSLFHLMNHAFFKALLFLSAGSVIHALADEQDMRKMGGLIRSIPFTYVMILIGSLSLMGFPYLTGFYSKDLILELVYDKYYLIFAYWLGAFSALLTAFYSIRLIYLTFISNTNSKKEVLMNVHESSWNITLPLFLLALGSIFVGYIAREVVVGTVLPPIIPSSIKLVPVVLSLLGATLAFLSYNTLSGFKMFLPKIKPQTVVNLFNPAIYTFLNSAWQFNYIINHFLVAKAWKFGHLISYRVIDRGLLEIIGPRGISKLIIGVSQKISNLQSGLVFNYALIMLVFTTLFISGSGVGGFASQQWAYIMFS	MYLLVLFIPLLSAAISGLFGRKIGEKGAGIFTSSSIVISWVLSMLIFYETNINASSTYIKLWRWFDSDLLTIYFGLQFDALTGIMLVVVTSVSALVHIYSTGYMSGDPHIPRFMSYLSLFTFFMIVLVTSDNYVQLFIGWEGVGLCSYLLINFWLTRIQANKAAIKAMLVNRVGDIGLVLGMFAIFKEFGSLEFSTVFSTVNEVSQPNSIALICILLLIGAVGKSAQLGLHTWLPDAMEGPTPVSALIHAATMVTAGVFLIIRSGPLFEGSPLALTVTTVVGALTAFFAATVGLVQNDLKKVIAYSTCSQLGYMVMVCGVSNYSTSLFHLMNHAFFKALLFLSAGSVIHALADEQDMRKMGGLIRSIPFTYVMILIGSLSLMGFPYLTGFYSKDLILELVYDKYYLIFAYWLGAFSALLTAFYSIRLIYLTFISNTNSKKEVLMNVHESSWNITLPLFLLALGSIFVGYIAREVVVGTVLPPIIPSSIKLVPVVLSLLGATLAFLSYNTLSGFKMFLPKIKPQTVVNLFNPAIYTFLNSAWQFNYIINHFLVAKAWKFGHLISYRVIDRGLLEIIGPRGISKLIIGVSQKISNLQSGLVFNYALIMLVFTTLFISGSGVGGFASQQWAYIMFS
3	Oscarella tuberculata	CYTB	YP_004123641.1	1.0	MTRAFRKENPVLSIVNETFIDVPSPSNISYLWNFGSTLGICLIIQIVTGIFLAMHYCPETDLAFASVAHIMRDVNYGFVLKAIHANGASIFFLCAYMHIGRGLYYGSYSREMVWNIGIVIFLLMMATAFIGYVLPWGQMSFWAATVITNFLSAIPYVGNDIVEWVWGGYSVSNATLNRFYSLHYLLPFILAALALIHIFLLHEEGSNNPIGVRGDIDVIPFHPYYTFKDLYGWILMVILLTVLVFFAPNLLGDAENFKQANPLVTPVHIRPEWYFLFAYAILRSIPNKLGGVLALFASILILFLLPVLHKSLLRGLTFRPLGKLFFWIFVANFLVLTWIGGEPVEDPYVLIGQISSIIYFAYFLIITPLVGYLENKLLFQRTTGGVVAH	MTRAFRKENPVLSIVNETFIDVPSPSNISYLWNFGSTLGICLIIQIVTGIFLAMHYCPETDLAFASVAHIMRDVNYGFVLKAIHANGASIFFLCAYMHIGRGLYYGSYSREMVWNIGIVIFLLMMATAFIGYVLPWGQMSFWAATVITNFLSAIPYVGNDIVEWVWGGYSVSNATLNRFYSLHYLLPFILAALALIHIFLLHEEGSNNPIGVRGDIDVIPFHPYYTFKDLYGWILMVILLTVLVFFAPNLLGDAENFKQANPLVTPVHIRPEWYFLFAYAILRSIPNKLGGVLALFASILILFLLPVLHKSLLRGLTFRPLGKLFFWIFVANFLVLTWIGGEPVEDPYVLIGQISSIIYFAYFLIITPLVGYLENKLLFQRTTGGVVAH
4	Oscarella tuberculata	COX2	YP_004123652.1	1.0	MSVDALWGLSLGFKDVPEPWQLGFQDAASPVMEEVIYFHDQIMFILMIIITTVLWLIMRALTGKHYDRYLTDGTLIEIIWTLIPAAILIFIAFPSLKLLYLMDEVVDPALTIKAIGHQWYWSYEYSDYPTDTLEFDSYMVPTSDLESGDLRLLEVDNRLVVPIQTQVRVLVTGADVIHSFAVPSLGVKIDAVPGRLNQTSFFVKRPGIFYGQCSEICGANHSFMPIVVEAVSLDKYIHWVESQANELTD	MSVDALWGLSLGFKDVPEPWQLGFQDAASPVMEEVIYFHDQIMFILMIIITTVLWLIMRALTGKHYDRYLTDGTLIEIIWTLIPAAILIFIAFPSLKLLYLMDEVVDPALTIKAIGHQWYWSYEYSDYPTDTLEFDSYMVPTSDLESGDLRLLEVDNRLVVPIQTQVRVLVTGADVIHSFAVPSLGVKIDAVPGRLNQTSFFVKRPGIFYGQCSEICGANHSFMPIVVEAVSLDKYIHWVESQANELTD
