	OrganismName	GenName	ProteinID	Strand	TranslatedAminoAcids	GenBankAminoAcids
0	Antheraea frithi	ND2	YP_009138342.1	1.0	IYLLNNSNKMFFTFILFFSTLIAISSNSWFGCWIGLEINLLSFIPLISSPFNLLASEASLKYFLTQSIASINFLFVILLKMTFLKNFLMDNFMSIMINSSMLMKMGSAPFHFWFPNIIEGLSWFNNFILMTWQKITPMILLSYYFNKNFLYLMIIFNIIIGAIGGLNQTSLRKLMAFSSINNLGWMIFTIMISENLWIFYFLMYSFLISIMCFFFFNLNMFFINQLFINNIPPLIKINLLINFFSLGGLPPFLGFLPKWITINFLMNNKLYLLTFLFIMMSLIIIFFYIRITYSCLMFNYFKMKWLKISLKNNSLWLMNFFSMISISGMILSTFLFL	MYLLNNSNKMFFTFILFFSTLIAISSNSWFGCWIGLEINLLSFIPLISSPFNLLASEASLKYFLTQSIASINFLFVILLKMTFLKNFLMDNFMSIMINSSMLMKMGSAPFHFWFPNIIEGLSWFNNFILMTWQKITPMILLSYYFNKNFLYLMIIFNIIIGAIGGLNQTSLRKLMAFSSINNLGWMIFTIMISENLWIFYFLMYSFLISIMCFFFFNLNMFFINQLFINNIPPLIKINLLINFFSLGGLPPFLGFLPKWITINFLMNNKLYLLTFLFIMMSLIIIFFYIRITYSCLMFNYFKMKWLKISLKNNSLWLMNFFSMISISGMILSTFLFL
1	Antheraea frithi	COX1	YP_009138343.1	1.0	RKWLYSTNHKDIGTLYFIFGIWAGMVGTSLSLLIRAELGTPGSLIGDDQIYNTIVTAHAFIMIFFMVMPIMIGGFGNWLVPLMLGAPDMAFPRMNNMSFWLLPPSLTFLISSSIVENGAGTGWTVYPPLSSNIAHGGSSVDLAIFSLHLAGISSILGAINFITTIINMRMNNLSFDQMPLFVWAVGITAFLLLLSLPVLAGAITMLLTDRNLNTSFFDPAGGGDPILYQHLFWFFGHPEVYILILPGFGMISHIISQESGKKETFGCLGMIYAMMAIGLLGFIVWAHHMFTVGMDIDTRAYFTSATMIIAVPTGIKIFSWLATLHGTQINYSPSILWSLGFVFLFTVGGLTGVILANSSIDITLHDTYYVVAHFHYVLSMGAVFAIMGGFIHWYPLFTGLSLNPFLLKIQFFIMFIGVNLTFFPQHFLGLAGMPRRYSDYPDSYLSWNLISSLGSYISLLAVMLMLIIIWESMIYQRIALFSLNMPSSIEWYQNLPPAEHSYNELPILSN	RKWLYSTNHKDIGTLYFIFGIWAGMVGTSLSLLIRAELGTPGSLIGDDQIYNTIVTAHAFIMIFFMVMPIMIGGFGNWLVPLMLGAPDMAFPRMNNMSFWLLPPSLTFLISSSIVENGAGTGWTVYPPLSSNIAHGGSSVDLAIFSLHLAGISSILGAINFITTIINMRMNNLSFDQMPLFVWAVGITAFLLLLSLPVLAGAITMLLTDRNLNTSFFDPAGGGDPILYQHLFWFFGHPEVYILILPGFGMISHIISQESGKKETFGCLGMIYAMMAIGLLGFIVWAHHMFTVGMDIDTRAYFTSATMIIAVPTGIKIFSWLATLHGTQINYSPSILWSLGFVFLFTVGGLTGVILANSSIDITLHDTYYVVAHFHYVLSMGAVFAIMGGFIHWYPLFTGLSLNPFLLKIQFFIMFIGVNLTFFPQHFLGLAGMPRRYSDYPDSYLSWNLISSLGSYISLLAVMLMLIIIWESMIYQRIALFSLNMPSSIEWYQNLPPAEHSYNELPILSN
2	Antheraea frithi	COX2	YP_009138344.1	1.0	MATWSNLNLQNGASPLMEQIIFFHDHTLIILIMITILVGYLMISLFFNKYINRFLLEGQMIELIWTILPAITLIFIALPSLRLLYLLDELNNPLITLKSIGHQWYWSYEYSDFHNIEFDSYMTPMNEMSLNNFRLLDVDNRIVLPMNNQIRILVTASDVIHSWTIPSLGIKVDANPGRLNQTNFFINRPGIFYGQCSEICGANHSFMPIVIESISIKNFINWINNYS	MATWSNLNLQNGASPLMEQIIFFHDHTLIILIMITILVGYLMISLFFNKYINRFLLEGQMIELIWTILPAITLIFIALPSLRLLYLLDELNNPLITLKSIGHQWYWSYEYSDFHNIEFDSYMTPMNEMSLNNFRLLDVDNRIVLPMNNQIRILVTASDVIHSWTIPSLGIKVDANPGRLNQTNFFINRPGIFYGQCSEICGANHSFMPIVIESISIKNFINWINNYS
3	Antheraea frithi	ATP8	YP_009138345.1	1.0	IPQMMPINWMFSFIFFIIIFLMFNIMNYYIFNFNINKSSNNKLINNKIKNLSWKW	MPQMMPINWMFSFIFFIIIFLMFNIMNYYIFNFNINKSSNNKLINNKIKNLSWKW
4	Antheraea frithi	ATP6	YP_009138346.1	1.0	MMSNLFSIFDPSTNILNLSINWLSTFLGLLLLPYSYWFIPNRHFFIWKFILMKLHNEFKTLLKNNYFQGSTFIFISLFSFVLFNNFLGLFPYIFTSTSHLSLSLSLSLPLWLSFMLYGWINNYQHMFIHMIPQGTPSILMPFMVLIETISNIIRPGTLAVRLTANMIAGHLLMTLLSNMGSIIPSYLIMFLIFIQILLLILESAVAVIQSYVIAILSTLYSSEVN	MMSNLFSIFDPSTNILNLSINWLSTFLGLLLLPYSYWFIPNRHFFIWKFILMKLHNEFKTLLKNNYFQGSTFIFISLFSFVLFNNFLGLFPYIFTSTSHLSLSLSLSLPLWLSFMLYGWINNYQHMFIHMIPQGTPSILMPFMVLIETISNIIRPGTLAVRLTANMIAGHLLMTLLSNMGSIIPSYLIMFLIFIQILLLILESAVAVIQSYVIAILSTLYSSEVN
5	Antheraea frithi	COX3	YP_009138347.1	1.0	MKNLYSHPYHLVDYSPWPLTGAIGVMTLVTGLVKWFHNFNINLLIIGYIITILTMYQWWRDISREGTYQGKHTILVTKGLRWGMILFIVSEIFFFLSFFWAFFHSSFSPNIEIGAMWPPLSIIPFNPFHIPLLNTIILISSGVTVTWAHHALMENNLTQANQSLFITIILGIYFTILQAYEYLEAPFSIADSIYGSTFFMATGFHGLHVIIGTLFLMICLIRHLLNHFSSNHHFGFEAAAWYWHFVDVVWLFLYISIYWWGN	MKNLYSHPYHLVDYSPWPLTGAIGVMTLVTGLVKWFHNFNINLLIIGYIITILTMYQWWRDISREGTYQGKHTILVTKGLRWGMILFIVSEIFFFLSFFWAFFHSSFSPNIEIGAMWPPLSIIPFNPFHIPLLNTIILISSGVTVTWAHHALMENNLTQANQSLFITIILGIYFTILQAYEYLEAPFSIADSIYGSTFFMATGFHGLHVIIGTLFLMICLIRHLLNHFSSNHHFGFEAAAWYWHFVDVVWLFLYISIYWWGN
6	Antheraea frithi	ND3	YP_009138348.1	1.0	IILMMSIMILIILIANIMMFFSIILSKKSFMDREKCSPFECGFDPKSSARIPFSLHFFLITIIFLIFDVEIALIFPIIYLFKSVNFFIWMKTSFFFILLLLLGVYHEWNQNMLTWTN	MILMMSIMILIILIANIMMFFSIILSKKSFMDREKCSPFECGFDPKSSARIPFSLHFFLITIIFLIFDVEIALIFPIIYLFKSVNFFIWMKTSFFFILLLLLGVYHEWNQNMLTWTN
7	Antheraea frithi	ND6	YP_009138352.1	1.0	MTKIFISSIMMFISFLMYSLNHPLSMGLMILIQTLLTCILSGMMIKTYWFSYILFLTFLGGLLVLFIYVSSIASNELFSFNLTMKLLFLLFIFFLLTIIFLFHNNLKWMNLNINNSEMFNFSNMIMFFNENKINLNKLYNNQTSMLTYLLIIYLFITLIAMVKITNIFYGPLRSNFKN	MTKIFISSIMMFISFLMYSLNHPLSMGLMILIQTLLTCILSGMMIKTYWFSYILFLTFLGGLLVLFIYVSSIASNELFSFNLTMKLLFLLFIFFLLTIIFLFHNNLKWMNLNINNSEMFNFSNMIMFFNENKINLNKLYNNQTSMLTYLLIIYLFITLIAMVKITNIFYGPLRSNFKN
8	Antheraea frithi	CYTB	YP_009138353.1	1.0	MNNFKTMRKTHPIIKIINGSLIDLPTPSNISSWWNFGSLLALCLITQILTGLFLTMYYTANIELAFFSVNYICRNVNYGWLIRTLHANGASFFFICVYLHIGRGIYYESFNLKYTWFVGIIILFMLMATAFMGYVLPWGQMSFWGATVITNLLSAIPYLGTMLVNWIWGGFAVDNATLTRFYTFHFLLPFIILMLTMIHLLFLHQTGSNNPLGLNSNIDKIPFHPYFTYKDLIGFIIMIMFLSLLTLINPYLLGDPDNFIPANPLVTPIHIQPEWYFLFAYAILRSIPNKLGGVIALVMSILILIILPMTFLKKMQGIQFYPINQIMFWIFIMMIMLLTWIGARPVEDPYIITGQILTIFYFLYFILTPLISIYWDKLLFFK	MNNFKTMRKTHPIIKIINGSLIDLPTPSNISSWWNFGSLLALCLITQILTGLFLTMYYTANIELAFFSVNYICRNVNYGWLIRTLHANGASFFFICVYLHIGRGIYYESFNLKYTWFVGIIILFMLMATAFMGYVLPWGQMSFWGATVITNLLSAIPYLGTMLVNWIWGGFAVDNATLTRFYTFHFLLPFIILMLTMIHLLFLHQTGSNNPLGLNSNIDKIPFHPYFTYKDLIGFIIMIMFLSLLTLINPYLLGDPDNFIPANPLVTPIHIQPEWYFLFAYAILRSIPNKLGGVIALVMSILILIILPMTFLKKMQGIQFYPINQIMFWIFIMMIMLLTWIGARPVEDPYIITGQILTIFYFLYFILTPLISIYWDKLLFFK
