	OrganismName	GenName	ProteinID	Strand	TranslatedAminoAcids	GenBankAminoAcids
0	Limassolla lingchuanensis	ND2	YP_009731720.1	1.0	IKINLSKILFMFTFMIGLLISISSNNWILIWCGLEISMMSFIPMMTSNLIITSESTIKYFIVQSVSSSLLMLGMLIMIMKGEYNYDYLVKSSLLIKMGVAPFHNWVLTVIEGMTPQIMFIMLTINKVAPITIMSYMLSSMILLICLNALMASIMSINQNSVKKLLTYSSIMNMSFVLIIIKLNLMWTMYFFLYSTLLLMMTVLMINFKIIYMNQIIMTNNKMSSNILIWMIMLSMGGMPPLVGFSIKYMALQAMINTKMYLTLSIMILASLTMMMVYLRLTFISMMNSSLSLKLVSYNMKYSSTMMLIMNISLIPMILLMKLLN	MKINLSKILFMFTFMIGLLISISSNNWILIWCGLEISMMSFIPMMTSNLIITSESTIKYFIVQSVSSSLLMLGMLIMIMKGEYNYDYLVKSSLLIKMGVAPFHNWVLTVIEGMTPQIMFIMLTINKVAPITIMSYMLSSMILLICLNALMASIMSINQNSVKKLLTYSSIMNMSFVLIIIKLNLMWTMYFFLYSTLLLMMTVLMINFKIIYMNQIIMTNNKMSSNILIWMIMLSMGGMPPLVGFSIKYMALQAMINTKMYLTLSIMILASLTMMMVYLRLTFISMMNSSLSLKLVSYNMKYSSTMMLIMNISLIPMILLMKLLN
1	Limassolla lingchuanensis	COX1	YP_009731721.1	1.0	MNKWLFSTNHKDIGTMYFILGIWAGLLGMMMSILIRIELTQPGPFLGNDQIYNVVVTAHAFIMIFFMVMPIMIGGFGNWLVPLMIGAPDMAFPRMNNMSFWLLPPSLTLLTMSSMIEMGAGTGWTVYPPLSSNIAHSGASVDLAIFSLHLAGISSILGAVNFITTIINMRPMGMKMDQISLFVWSVLITAILLLLSLPVLAGAITMLLTDRNLNTSFFDPAGGGDPILYQHLFWFFGHPEVYILILPGFGLISHIVTQESGKIEAFGYIGMVYAMASIGLLGFVVWAHHMFTVGMDVDTRAYFTSATMIIAVPTGIKIFSWLATMYGIIIKKSVSLLWSYGFVFLFTMGGLTGIMLSNSSIDMALHDTYYVVAHFHYVLSMGAVFAIMAGFIQWYPLFTGLSMNQKWLKIQFSVMFIGVNLTFFPQHFLGLAGFPRRYSDYPDAFMSWNLISSLGSLMSLISILLMMFIMWESMMSKRLCLTSIYNQTSIEWLQSTPPEEHSYSELPLIVK	MNKWLFSTNHKDIGTMYFILGIWAGLLGMMMSILIRIELTQPGPFLGNDQIYNVVVTAHAFIMIFFMVMPIMIGGFGNWLVPLMIGAPDMAFPRMNNMSFWLLPPSLTLLTMSSMIEMGAGTGWTVYPPLSSNIAHSGASVDLAIFSLHLAGISSILGAVNFITTIINMRPMGMKMDQISLFVWSVLITAILLLLSLPVLAGAITMLLTDRNLNTSFFDPAGGGDPILYQHLFWFFGHPEVYILILPGFGLISHIVTQESGKIEAFGYIGMVYAMASIGLLGFVVWAHHMFTVGMDVDTRAYFTSATMIIAVPTGIKIFSWLATMYGIIIKKSVSLLWSYGFVFLFTMGGLTGIMLSNSSIDMALHDTYYVVAHFHYVLSMGAVFAIMAGFIQWYPLFTGLSMNQKWLKIQFSVMFIGVNLTFFPQHFLGLAGFPRRYSDYPDAFMSWNLISSLGSLMSLISILLMMFIMWESMMSKRLCLTSIYNQTSIEWLQSTPPEEHSYSELPLIVK
2	Limassolla lingchuanensis	COX2	YP_009731722.1	1.0	IASWSNWNFQNANSPVMEQLIFFHDHTMMIIAIITVMVGYMLVSLMVKSFNNRMLMENQMIELIWTIIPAIMLIFIAMPSIQALYMIEETNKPMLTIKTVGHQWYWSYEYSDFKKIEFDSYMKPTVEISNSEFRVLETDNKLVIPYKTQTRMLMTSTDVIHSWAMPTLGIKVDSSPGRINQGNFMANRPGLFYGQCSEICGANHSFMPIMLESVNSQTFIKWIKNF	MASWSNWNFQNANSPVMEQLIFFHDHTMMIIAIITVMVGYMLVSLMVKSFNNRMLMENQMIELIWTIIPAIMLIFIAMPSIQALYMIEETNKPMLTIKTVGHQWYWSYEYSDFKKIEFDSYMKPTVEISNSEFRVLETDNKLVIPYKTQTRMLMTSTDVIHSWAMPTLGIKVDSSPGRINQGNFMANRPGLFYGQCSEICGANHSFMPIMLESVNSQTFIKWIKNF
3	Limassolla lingchuanensis	ATP8	YP_009731723.1	1.0	LPQMSPMLWVYLSMLFILTMIMSINIMYFNYSNQINKDIKTHKKMMNWVW	MPQMSPMLWVYLSMLFILTMIMSINIMYFNYSNQINKDIKTHKKMMNWVW
4	Limassolla lingchuanensis	ATP6	YP_009731724.1	1.0	MMNNLFSVFDPTTGSLSMNWLSSLILIILMPYKMWFMKNKIMIMFNLMIDSLKKEMFMLMPYKGMTLLMISLFMLILINNLMGLVPYVFTSSAHLVFSLTIALPMWMGFMLFGWINKTKMMFNHLVPVGTPYILMPFMVIIETISNLIRPGSLAVRLTANMIAGHLLMSLLGNNTTSSLVLISTLMIFLFLMLFELAVAMIQSYVFMTLTTLYSSEI	MMNNLFSVFDPTTGSLSMNWLSSLILIILMPYKMWFMKNKIMIMFNLMIDSLKKEMFMLMPYKGMTLLMISLFMLILINNLMGLVPYVFTSSAHLVFSLTIALPMWMGFMLFGWINKTKMMFNHLVPVGTPYILMPFMVIIETISNLIRPGSLAVRLTANMIAGHLLMSLLGNNTTSSLVLISTLMIFLFLMLFELAVAMIQSYVFMTLTTLYSSEI
5	Limassolla lingchuanensis	COX3	YP_009731725.1	1.0	MNNHPFHLVDKSPWPLSGSVGLLTLTSGLVMWFHKLSMSLMLTGVMIILLTMIQWWRDVIRESSFKGLHTIKVTLTMKIGMMMFITSEVLFFLSFFWAFFHSSLSPSVEIGLKWPPMGIISFNPMNIPLLNTMILLSSGITITWAHNAIINNNHSQSMQSMILTVILGLYFSMLQLYEYIEAPFSIADSVYGATFFLATGFHGLHVIIGTIFIAISMLRILSLHFSSKHHVGFEASAWYWHFVDVVWLFLYVSIYWWGG	MNNHPFHLVDKSPWPLSGSVGLLTLTSGLVMWFHKLSMSLMLTGVMIILLTMIQWWRDVIRESSFKGLHTIKVTLTMKIGMMMFITSEVLFFLSFFWAFFHSSLSPSVEIGLKWPPMGIISFNPMNIPLLNTMILLSSGITITWAHNAIINNNHSQSMQSMILTVILGLYFSMLQLYEYIEAPFSIADSVYGATFFLATGFHGLHVIIGTIFIAISMLRILSLHFSSKHHVGFEASAWYWHFVDVVWLFLYVSIYWWGG
6	Limassolla lingchuanensis	ND3	YP_009731726.1	1.0	MYLTMISLIMIIMISFIIVMLINLMSKKPISDSQKSTPFECGFNPLTMKRLPFSIHFFLIAVIFLIFDIEIIIILPMTLTLKTSTMYTWMTTSSMFIIILIMGLYHEWKYGMLNWTK	MYLTMISLIMIIMISFIIVMLINLMSKKPISDSQKSTPFECGFNPLTMKRLPFSIHFFLIAVIFLIFDIEIIIILPMTLTLKTSTMYTWMTTSSMFIIILIMGLYHEWKYGMLNWTK
7	Limassolla lingchuanensis	ND6	YP_009731730.1	1.0	MKFYFIKIMILISSIIPILNNPMSLGFMLILQTMMTIFYMNTIMQSSWFIMITFLMMIGGLLILFTYMSSIASNEKFKIKLNMMFMLIIMLIIFDDMMMQQQIKEELVLNKFMMSDLSLMKIYNNKSMLLTMLMVLYLLLTMISVTKMVKHYKGPLRNTN	MKFYFIKIMILISSIIPILNNPMSLGFMLILQTMMTIFYMNTIMQSSWFIMITFLMMIGGLLILFTYMSSIASNEKFKIKLNMMFMLIIMLIIFDDMMMQQQIKEELVLNKFMMSDLSLMKIYNNKSMLLTMLMVLYLLLTMISVTKMVKHYKGPLRNTN
8	Limassolla lingchuanensis	CYTB	YP_009731731.1	1.0	MNKPMRKKNELIKIINYSIIDLPAPINLSAWWNFGVMLGMCLVIQIVTGILLSMHYSGNIELAFNTVSHITRDVNYGWLMRTLHSNGASLFFICIFIHTGRGMYYGSYKYTKTWIIGVVIMLMVMATAFLGYVLPWGQMSFWGATVITNLLSAIPYIGSLLVSWLWGGFAVDNATLSRFFSLHFTLPFIIAMLTIIHIFFLHLTGSNNPIGLNSNVDKIPFHPYFSIKDIMGVMLIMTGLIIMNLVSPYLLSDPDNFTPANPMVTPVHIQPEWYFLFAYAILRSIPNKLGGVMALFFSILILMILPFSMKMKFKGLSFYPISQMMFWMYLMTVILLTWIGARPVESPYINIGILLTIIYFLYFILDPLMTKIWDKLIY	MNKPMRKKNELIKIINYSIIDLPAPINLSAWWNFGVMLGMCLVIQIVTGILLSMHYSGNIELAFNTVSHITRDVNYGWLMRTLHSNGASLFFICIFIHTGRGMYYGSYKYTKTWIIGVVIMLMVMATAFLGYVLPWGQMSFWGATVITNLLSAIPYIGSLLVSWLWGGFAVDNATLSRFFSLHFTLPFIIAMLTIIHIFFLHLTGSNNPIGLNSNVDKIPFHPYFSIKDIMGVMLIMTGLIIMNLVSPYLLSDPDNFTPANPMVTPVHIQPEWYFLFAYAILRSIPNKLGGVMALFFSILILMILPFSMKMKFKGLSFYPISQMMFWMYLMTVILLTWIGARPVESPYINIGILLTIIYFLYFILDPLMTKIWDKLIY
