	OrganismName	GenName	ProteinID	Strand	TranslatedAminoAcids	GenBankAminoAcids
0	Philaenus spumarius	ND2	YP_026117.1	1.0	LTMMNSTKMIFLLFMFVSPLISLSSNNWFGSWMGLEINLISFTPLMPSKNNYYSSESSMKYFIIQSVSSMILLLGIISLSLMMSYSYLIMICALMAKLGVAPFHMWAPSVMEGISWFNCFIFLTWQKLAGLMLMSYIIINSMVVFPVIASLIIGSFGGINQSSMKKLMAYSSINNMGWIIMGMTISFSLWMSYFLIYTFMVYNLIYLFMIMEINYLNQFLINMHNSSFKIILSLLLFSFGGVPPLLGFLPKLIIIQSLMLNSNFLILLIMIMTSLITLFYYIRVTTMMLMVNSSKIKFNNYLLLNSKLFYLMTFMNLFGFGLIFIFKTIN	MTMMNSTKMIFLLFMFVSPLISLSSNNWFGSWMGLEINLISFTPLMPSKNNYYSSESSMKYFIIQSVSSMILLLGIISLSLMMSYSYLIMICALMAKLGVAPFHMWAPSVMEGISWFNCFIFLTWQKLAGLMLMSYIIINSMVVFPVIASLIIGSFGGINQSSMKKLMAYSSINNMGWIIMGMTISFSLWMSYFLIYTFMVYNLIYLFMIMEINYLNQFLINMHNSSFKIILSLLLFSFGGVPPLLGFLPKLIIIQSLMLNSNFLILLIMIMTSLITLFYYIRVTTMMLMVNSSKIKFNNYLLLNSKLFYLMTFMNLFGFGLIFIFKTIN
1	Philaenus spumarius	COX1	YP_026118.1	1.0	MKKWMFSTNHKDIGTLYFLFGIWSGMIGTTLSLLIRVELGQPGSFIGDDQIYNVIVTSHAFIMIFFMVMPIMIGGFGNWLVPLMIGAPDMAFPRMNNMSFWMLPPSLTLLLSSSMIDNGVGTGWTVYPPLSSGVAHAGACVDLAIFSLHLAGISSILGAVNFITTIFNMRSSGMKMDRTPLFVWAVLITTILLLLSLPVLAGAITMLLTDRNINTSFFDPSGGGDPILYQHLFWFFGHPEVYILILPGFGLISHIISQESGKNESFGSLGMIYAMMAIGLLGFVVWAHHMFTVGMDVDTRAYFTSATMIIAVPTGIKIFSWLATMHGMPFKLSSPILWSIGFVFLFTIGGLTGIVLSNSSIDIILHDTYYVVAHFHYVLSMGAVFAILGSFIQWYPLFTGLTMNSKWLKMQFMIMFVGVNLTFFPQHFLGLSGMPRRYSDYPDAYMSWNILSSIGSMISFIGILLLIFIVWESLISKRKSIFSKNMISSIEWLQMMPPSEHSYNELPMLTN	MKKWMFSTNHKDIGTLYFLFGIWSGMIGTTLSLLIRVELGQPGSFIGDDQIYNVIVTSHAFIMIFFMVMPIMIGGFGNWLVPLMIGAPDMAFPRMNNMSFWMLPPSLTLLLSSSMIDNGVGTGWTVYPPLSSGVAHAGACVDLAIFSLHLAGISSILGAVNFITTIFNMRSSGMKMDRTPLFVWAVLITTILLLLSLPVLAGAITMLLTDRNINTSFFDPSGGGDPILYQHLFWFFGHPEVYILILPGFGLISHIISQESGKNESFGSLGMIYAMMAIGLLGFVVWAHHMFTVGMDVDTRAYFTSATMIIAVPTGIKIFSWLATMHGMPFKLSSPILWSIGFVFLFTIGGLTGIVLSNSSIDIILHDTYYVVAHFHYVLSMGAVFAILGSFIQWYPLFTGLTMNSKWLKMQFMIMFVGVNLTFFPQHFLGLSGMPRRYSDYPDAYMSWNILSSIGSMISFIGILLLIFIVWESLISKRKSIFSKNMISSIEWLQMMPPSEHSYNELPMLTN
2	Philaenus spumarius	COX2	YP_026119.1	1.0	LATWSNFGLQDGMSPLMEQMIFFHDHTLMILIMITMMVGYTMVSLTYNNLINRYLLEGQMIELLWTIIPAITLVFIALPSLKLLYLLDEMSNPSITIKSIGHQWYWSYEYSDFKNLEFESYMSLYEKTKFRLLDVDNRIILPFLIQIRMLVCSMDVIHSWTIPSLGVKLDALPGRLNQMSFLMSRPGLMFGQCSEICGSNHSFMPIVIESISMEKFVKWLKSY	MATWSNFGLQDGMSPLMEQMIFFHDHTLMILIMITMMVGYTMVSLTYNNLINRYLLEGQMIELLWTIIPAITLVFIALPSLKLLYLLDEMSNPSITIKSIGHQWYWSYEYSDFKNLEFESYMSLYEKTKFRLLDVDNRIILPFLIQIRMLVCSMDVIHSWTIPSLGVKLDALPGRLNQMSFLMSRPGLMFGQCSEICGSNHSFMPIVIESISMEKFVKWLKSY
3	Philaenus spumarius	ATP8	YP_026120.1	1.0	IPQMAPMWWLSLFMMFILSFFLFNSIIYFFFKSNKINTFNKFIINQMIWKW	MPQMAPMWWLSLFMMFILSFFLFNSIIYFFFKSNKINTFNKFIINQMIWKW
4	Philaenus spumarius	ATP6	YP_026121.1	1.0	MMTNLFSVFDPSTGILSLNWVSTLIGLIIIPMPLWILPSRLFIMNLIIFQKINNELKILMTMNSKGNSLIFVSMFFFILYNNIMGLLPYIFTSSSHLVFTLSLALPMWLMLMIFGWLMNTNKMFYHLIPVGTPSILMPFMVCIETISNMIRPGSLAVRLTANMIAGHLLMTLLGNMSINSSFIMLIIIIQLMLMIFETAVSIIQAYVFTILSTLYSSEI	MMTNLFSVFDPSTGILSLNWVSTLIGLIIIPMPLWILPSRLFIMNLIIFQKINNELKILMTMNSKGNSLIFVSMFFFILYNNIMGLLPYIFTSSSHLVFTLSLALPMWLMLMIFGWLMNTNKMFYHLIPVGTPSILMPFMVCIETISNMIRPGSLAVRLTANMIAGHLLMTLLGNMSINSSFIMLIIIIQLMLMIFETAVSIIQAYVFTILSTLYSSEI
5	Philaenus spumarius	COX3	YP_026122.1	1.0	MMKNHPFHLVDASPWPITGSIGAMTITSGMVMWFHQLNLFLFMLGLIIIILTMFQWWRDVTRESTFQGNHTIIVTKGMKWGMLLFIVSEVFFFLSFFWGFFHSSLSPSMEIGMMWPPKGIVTFNPMQIPLLNTMILLSSGITITWSHHSMMNSNHSQSVQGLFLTIILGIYFSMLQGYEYYESPFTISDSIYGSTFFMSTGFHGLHVLIGTTFIIVTMARQMNFHFSNKHHFGFEAAAWYWHFVDVVWLFLYISIYWWGS	MMKNHPFHLVDASPWPITGSIGAMTITSGMVMWFHQLNLFLFMLGLIIIILTMFQWWRDVTRESTFQGNHTIIVTKGMKWGMLLFIVSEVFFFLSFFWGFFHSSLSPSMEIGMMWPPKGIVTFNPMQIPLLNTMILLSSGITITWSHHSMMNSNHSQSVQGLFLTIILGIYFSMLQGYEYYESPFTISDSIYGSTFFMSTGFHGLHVLIGTTFIIVTMARQMNFHFSNKHHFGFEAAAWYWHFVDVVWLFLYISIYWWGS
6	Philaenus spumarius	ND3	YP_026123.1	1.0	LMNLIMSSFMIITILILLIILLTLISKKSFMDREKSSPFECGFDPINSSRIPFSLHFFLMAVIFLIFDVEIVLILPITIIFKYSVIWEWMLSSIMFIMILILGLYHEWYHGMIEWAN	MMNLIMSSFMIITILILLIILLTLISKKSFMDREKSSPFECGFDPINSSRIPFSLHFFLMAVIFLIFDVEIVLILPITIIFKYSVIWEWMLSSIMFIMILILGLYHEWYHGMIEWAN
7	Philaenus spumarius	ND6	YP_026127.1	1.0	MKMMIMMSSIMMSTIFSMMKHPLSMGMILLIQTLITCLMNGLNSYSMWFSYILFITFIGGMLILFIYIASIASNEKFLFSMKMMMIIIFMMFMLLIMSMMDMTIVVNNHMIIETMSYNKSVNEMNKEINSIMKMFNMPTTMITLMTIIYLLFTMITVVKVTNMKDGPLRMKN	MKMMIMMSSIMMSTIFSMMKHPLSMGMILLIQTLITCLMNGLNSYSMWFSYILFITFIGGMLILFIYIASIASNEKFLFSMKMMMIIIFMMFMLLIMSMMDMTIVVNNHMIIETMSYNKSVNEMNKEINSIMKMFNMPTTMITLMTIIYLLFTMITVVKVTNMKDGPLRMKN
8	Philaenus spumarius	CYTB	YP_026128.1	1.0	MFKPMRKKELLSIINSTIVDLPTPCNLSSWWNFGSLLGLCLMIQVVTGIFLAMHYSSNVEMAFNSISHICRDVNFGWLIRIMHANGASLFFICMFMHIGRGMYYGSYKSIKTWVMGVMIMLTVMATAFLGYVLPWGQMSFWGATVITNLLSAIPYLGESMVKWIWGGFAVDNATLTRFFTLHFLMPFIVLVMSSLHIFFLHKKGSNNPLGISSNIDKIPFHPYFSIKDLMGFTIAMMMFLILNLMEPYILGDPDNFIPANPLVTPAHIKPEWYFLFAYAILRSIPNKLGGVIALIMSILILLTLPFSNMSKFKGMKFYPISQMLFWMLVSTTMLFTWIGARPVEEPYIWTGMNLTYIYFSYFIIEPLSKKLWDNFIN	MFKPMRKKELLSIINSTIVDLPTPCNLSSWWNFGSLLGLCLMIQVVTGIFLAMHYSSNVEMAFNSISHICRDVNFGWLIRIMHANGASLFFICMFMHIGRGMYYGSYKSIKTWVMGVMIMLTVMATAFLGYVLPWGQMSFWGATVITNLLSAIPYLGESMVKWIWGGFAVDNATLTRFFTLHFLMPFIVLVMSSLHIFFLHKKGSNNPLGISSNIDKIPFHPYFSIKDLMGFTIAMMMFLILNLMEPYILGDPDNFIPANPLVTPAHIKPEWYFLFAYAILRSIPNKLGGVIALIMSILILLTLPFSNMSKFKGMKFYPISQMLFWMLVSTTMLFTWIGARPVEEPYIWTGMNLTYIYFSYFIIEPLSKKLWDNFIN
